1 ; 5
86 ; 6
196 ; 7
887 ; 1
948 ; 3
2668 ; 6
2859 ; 2
2994 ; 8
3564 ; 10
4247 ; 13
5622 ; 4
6704 ; 13
7059 ; 9
7304 ; 1
7824 ; 14
8448 ; 11
8824 ; 3
9360 ; 2
9699 ; 1
2 ; 9
1823 ; 4
2271 ; 6
2710 ; 6
3097 ; 5
3259 ; 11
3456 ; 5
3872 ; 2
3886 ; 2
4272 ; 8
4297 ; 6
4505 ; 11
4747 ; 10
5712 ; 4
6250 ; 3
6904 ; 7
6908 ; 6
7336 ; 7
8246 ; 5
8527 ; 14
8637 ; 1
9971 ; 4
3 ; 3
200 ; 2
709 ; 7
795 ; 1
843 ; 2
1344 ; 2
1623 ; 15
2865 ; 7
2971 ; 5
3122 ; 7
3462 ; 11
3521 ; 12
3534 ; 11
3563 ; 10
3746 ; 4
3810 ; 6
3901 ; 6
4431 ; 2
4792 ; 11
5381 ; 11
5484 ; 4
5625 ; 13
6156 ; 11
6163 ; 6
6756 ; 4
7272 ; 9
7515 ; 1
8854 ; 5
8940 ; 11
4 ; 3
209 ; 1
613 ; 11
1198 ; 6
1383 ; 11
2294 ; 12
4838 ; 9
5478 ; 8
5504 ; 5
5729 ; 10
7156 ; 4
7247 ; 5
7473 ; 8
8514 ; 7
8661 ; 10
9296 ; 2
9441 ; 5
9885 ; 6
9888 ; 2
9934 ; 14
5 ; 5
1380 ; 2
1805 ; 3
2221 ; 8
2223 ; 3
2680 ; 11
2870 ; 4
3007 ; 11
3459 ; 7
4190 ; 1
6011 ; 12
6169 ; 6
6569 ; 2
7657 ; 2
8175 ; 10
8706 ; 10
8916 ; 1
9857 ; 13
6 ; 13
393 ; 6
810 ; 16
929 ; 9
1028 ; 6
1253 ; 3
1708 ; 1
2202 ; 2
2557 ; 4
3331 ; 8
3478 ; 9
4128 ; 4
4224 ; 6
4323 ; 2
4618 ; 11
4679 ; 2
4998 ; 6
5441 ; 7
6074 ; 5
8857 ; 8
9008 ; 10
7 ; 11
170 ; 6
547 ; 2
1112 ; 2
1595 ; 7
2391 ; 8
3233 ; 6
3923 ; 7
4316 ; 3
4436 ; 1
4835 ; 6
6336 ; 9
6664 ; 4
7722 ; 12
7913 ; 8
8001 ; 3
8851 ; 9
9548 ; 9
9720 ; 5
8 ; 9
13 ; 4
661 ; 3
748 ; 10
1107 ; 1
1475 ; 7
1529 ; 10
2096 ; 11
2396 ; 5
3683 ; 2
3804 ; 1
4430 ; 10
4870 ; 6
5393 ; 1
5737 ; 4
6068 ; 4
8366 ; 6
8414 ; 1
9103 ; 5
9294 ; 14
9703 ; 4
9 ; 6
279 ; 9
447 ; 12
448 ; 4
984 ; 1
2017 ; 15
2037 ; 10
2329 ; 9
2361 ; 4
3389 ; 4
3557 ; 7
4326 ; 5
4862 ; 5
4988 ; 1
6452 ; 3
6903 ; 9
7420 ; 3
7696 ; 9
7889 ; 4
8166 ; 3
8200 ; 5
8480 ; 1
8932 ; 10
9042 ; 5
9723 ; 1
10 ; 5
231 ; 9
276 ; 3
594 ; 15
634 ; 1
1145 ; 9
1640 ; 4
1845 ; 6
2390 ; 10
2422 ; 11
3692 ; 4
4649 ; 11
5263 ; 7
5475 ; 9
5587 ; 3
5665 ; 2
6189 ; 11
6351 ; 7
6396 ; 2
7167 ; 1
8385 ; 8
8743 ; 4
8803 ; 13
8853 ; 1
8993 ; 9
9388 ; 4
9508 ; 6
9692 ; 10
11 ; 10
743 ; 12
895 ; 11
952 ; 3
1094 ; 7
2160 ; 11
2664 ; 2
3063 ; 3
3688 ; 8
4371 ; 7
4558 ; 5
4717 ; 3
5173 ; 9
5605 ; 8
12 ; 6
264 ; 11
293 ; 11
389 ; 13
1012 ; 12
1536 ; 4
1663 ; 1
2231 ; 7
3017 ; 3
3500 ; 4
3644 ; 11
3730 ; 13
4386 ; 1
4642 ; 1
4694 ; 5
5021 ; 10
5045 ; 2
6054 ; 13
6097 ; 1
6144 ; 10
6210 ; 13
7413 ; 4
7753 ; 13
7877 ; 12
8835 ; 11
1422 ; 15
1468 ; 1
1581 ; 12
1599 ; 2
1922 ; 3
2093 ; 10
2415 ; 1
2703 ; 2
2833 ; 2
3181 ; 9
3806 ; 9
5968 ; 9
6400 ; 13
6469 ; 10
6762 ; 14
7578 ; 9
8440 ; 3
9154 ; 5
9164 ; 5
14 ; 8
922 ; 12
1115 ; 4
1916 ; 14
3826 ; 6
4019 ; 2
5007 ; 5
5562 ; 4
7068 ; 9
7903 ; 9
7917 ; 12
8222 ; 1
9065 ; 9
15 ; 5
375 ; 13
1412 ; 6
1671 ; 8
1713 ; 1
2155 ; 4
2335 ; 11
2699 ; 1
2995 ; 13
3939 ; 4
4049 ; 11
4062 ; 6
4149 ; 6
4201 ; 12
4873 ; 1
5247 ; 7
5325 ; 7
6085 ; 3
6215 ; 15
6785 ; 10
8156 ; 2
8337 ; 8
9010 ; 12
9116 ; 11
16 ; 8
130 ; 4
471 ; 4
1274 ; 4
2252 ; 11
3147 ; 10
3386 ; 5
3699 ; 13
3705 ; 9
3772 ; 16
5015 ; 2
5292 ; 9
6095 ; 13
6556 ; 13
6700 ; 4
6729 ; 15
6783 ; 1
7235 ; 15
7972 ; 9
7995 ; 10
8242 ; 13
9450 ; 5
17 ; 6
483 ; 5
1355 ; 13
1678 ; 7
3358 ; 10
4123 ; 8
4955 ; 13
5411 ; 5
5539 ; 3
6236 ; 3
6393 ; 4
7294 ; 9
8659 ; 2
8849 ; 4
9025 ; 12
18 ; 10
475 ; 2
1040 ; 9
1264 ; 3
1379 ; 3
1725 ; 5
1939 ; 9
2447 ; 3
3165 ; 9
3940 ; 7
4391 ; 1
4429 ; 12
4960 ; 8
5057 ; 9
5219 ; 3
5233 ; 13
5409 ; 9
5519 ; 4
6192 ; 6
6559 ; 6
6839 ; 11
7142 ; 3
7194 ; 7
7461 ; 7
7549 ; 5
8286 ; 7
8526 ; 8
8583 ; 14
19 ; 9
884 ; 5
989 ; 2
1233 ; 13
3466 ; 12
3504 ; 10
3611 ; 11
5003 ; 11
5055 ; 1
5440 ; 7
5526 ; 8
5961 ; 11
6120 ; 10
6599 ; 8
6888 ; 8
7318 ; 3
7433 ; 7
7534 ; 7
7831 ; 7
8045 ; 5
8296 ; 11
9816 ; 7
20 ; 11
818 ; 10
924 ; 14
1248 ; 13
2332 ; 4
2806 ; 7
2884 ; 7
3636 ; 4
3787 ; 8
4355 ; 1
5482 ; 5
6065 ; 2
6150 ; 1
6715 ; 6
8541 ; 10
8859 ; 8
9386 ; 4
9696 ; 3
9717 ; 2
9745 ; 4
9802 ; 2
9831 ; 13
21 ; 3
101 ; 2
277 ; 6
281 ; 7
1034 ; 8
1192 ; 5
1235 ; 10
1346 ; 12
1625 ; 10
1712 ; 15
2081 ; 1
2246 ; 4
2923 ; 4
2996 ; 7
3210 ; 7
3301 ; 8
4438 ; 11
5141 ; 11
5856 ; 12
6895 ; 2
6931 ; 10
7445 ; 4
7667 ; 1
8676 ; 10
8682 ; 4
9415 ; 8
9923 ; 8
22 ; 9
1004 ; 3
1665 ; 6
2551 ; 5
3536 ; 3
4084 ; 12
4258 ; 1
6638 ; 2
8030 ; 1
8318 ; 12
8358 ; 6
8611 ; 7
9581 ; 17
9752 ; 1
9968 ; 3
23 ; 5
724 ; 14
1311 ; 10
1756 ; 2
1863 ; 2
2629 ; 7
3281 ; 6
3319 ; 3
3574 ; 9
3793 ; 1
5676 ; 6
5822 ; 7
5995 ; 2
7316 ; 10
7363 ; 1
7633 ; 7
7711 ; 3
7909 ; 8
8018 ; 6
8386 ; 2
9982 ; 7
24 ; 4
147 ; 2
831 ; 2
1105 ; 9
2291 ; 3
2487 ; 6
2972 ; 11
4282 ; 1
4622 ; 6
4813 ; 6
5006 ; 7
5278 ; 11
5513 ; 6
5827 ; 13
6136 ; 6
6254 ; 3
6334 ; 6
6781 ; 3
8382 ; 2
8554 ; 1
8764 ; 1
8823 ; 5
9113 ; 7
9301 ; 1
25 ; 9
2104 ; 8
2488 ; 6
2649 ; 7
2869 ; 7
3180 ; 15
3553 ; 2
4421 ; 6
4890 ; 3
5105 ; 8
5762 ; 4
5883 ; 2
6843 ; 5
7546 ; 6
7639 ; 2
7709 ; 1
8903 ; 7
8948 ; 7
26 ; 10
610 ; 1
721 ; 9
2137 ; 8
3363 ; 1
3869 ; 9
5036 ; 3
6318 ; 2
6331 ; 5
6641 ; 5
6799 ; 7
6873 ; 5
7021 ; 8
7813 ; 4
8223 ; 6
8439 ; 8
8494 ; 11
8500 ; 9
27 ; 10
631 ; 7
1229 ; 5
2103 ; 2
2437 ; 12
3518 ; 6
4501 ; 6
4552 ; 1
5211 ; 13
6234 ; 8
6457 ; 8
7093 ; 6
7592 ; 5
7793 ; 14
8535 ; 1
8683 ; 2
8884 ; 2
9700 ; 4
9746 ; 2
28 ; 8
879 ; 2
1652 ; 1
1976 ; 4
2266 ; 10
2492 ; 1
4040 ; 12
4557 ; 7
5544 ; 11
5927 ; 10
7126 ; 4
7256 ; 14
8230 ; 1
8354 ; 5
9536 ; 15
29 ; 8
221 ; 10
542 ; 6
588 ; 10
963 ; 3
2101 ; 4
3858 ; 4
4108 ; 9
4434 ; 13
4672 ; 5
4783 ; 11
4916 ; 1
5448 ; 5
5607 ; 6
5688 ; 6
5902 ; 10
6516 ; 1
7218 ; 10
8629 ; 6
9174 ; 4
30 ; 10
714 ; 8
3076 ; 2
3201 ; 9
3409 ; 6
3525 ; 4
5067 ; 2
5569 ; 2
8049 ; 12
9169 ; 7
31 ; 9
361 ; 3
1299 ; 10
1363 ; 5
1469 ; 13
1567 ; 14
2930 ; 11
3099 ; 2
3789 ; 7
4023 ; 13
4774 ; 6
5458 ; 7
5817 ; 5
6755 ; 8
7260 ; 1
8643 ; 4
8906 ; 5
9118 ; 8
9995 ; 15
32 ; 1
640 ; 10
1287 ; 11
1507 ; 6
1993 ; 3
2061 ; 13
2603 ; 12
3711 ; 8
4217 ; 10
4851 ; 7
4897 ; 2
5185 ; 6
5196 ; 5
5341 ; 12
5483 ; 3
5710 ; 13
6026 ; 4
7028 ; 13
8169 ; 6
9043 ; 12
33 ; 8
923 ; 5
1021 ; 5
1304 ; 12
2288 ; 10
3025 ; 6
3348 ; 6
3445 ; 10
3779 ; 11
4145 ; 4
4277 ; 9
4311 ; 13
5177 ; 1
5763 ; 10
6007 ; 6
6008 ; 9
7411 ; 3
7955 ; 9
9051 ; 9
9774 ; 3
9904 ; 2
9954 ; 3
34 ; 8
974 ; 10
2795 ; 12
3488 ; 4
3897 ; 4
4425 ; 4
4525 ; 2
5426 ; 3
5454 ; 14
5462 ; 1
5916 ; 5
6360 ; 3
6961 ; 2
7027 ; 3
7161 ; 3
7168 ; 10
8014 ; 3
8846 ; 12
9195 ; 1
9230 ; 12
35 ; 11
453 ; 3
786 ; 4
1084 ; 1
1358 ; 9
1501 ; 1
2056 ; 8
2349 ; 6
2975 ; 6
3523 ; 8
4125 ; 12
4583 ; 7
6105 ; 9
6325 ; 4
6478 ; 10
6490 ; 7
7783 ; 7
8471 ; 4
9220 ; 4
9949 ; 7
36 ; 3
58 ; 8
229 ; 14
935 ; 8
1086 ; 1
2225 ; 7
2350 ; 1
3354 ; 7
3403 ; 14
3840 ; 14
4748 ; 7
5011 ; 5
5123 ; 5
5287 ; 14
5490 ; 2
6611 ; 4
7109 ; 10
7114 ; 1
8587 ; 12
8754 ; 10
9711 ; 14
37 ; 1
77 ; 4
414 ; 9
664 ; 7
791 ; 3
907 ; 9
1037 ; 13
1043 ; 4
2711 ; 14
3172 ; 7
3402 ; 2
3713 ; 11
4511 ; 2
5264 ; 3
5314 ; 4
6835 ; 3
6958 ; 8
7181 ; 7
8124 ; 2
8146 ; 3
9780 ; 10
9996 ; 9
38 ; 7
476 ; 4
505 ; 4
671 ; 2
1634 ; 14
2142 ; 9
2533 ; 8
3230 ; 4
3554 ; 3
3663 ; 3
3917 ; 4
4180 ; 3
4229 ; 1
4373 ; 4
4497 ; 1
5041 ; 6
5298 ; 11
6221 ; 12
7404 ; 10
7759 ; 9
8719 ; 2
9101 ; 6
39 ; 4
873 ; 1
1448 ; 5
3537 ; 8
3724 ; 6
4468 ; 15
4902 ; 13
5876 ; 3
5964 ; 7
6328 ; 3
7749 ; 9
9930 ; 7
40 ; 5
511 ; 11
1076 ; 6
1337 ; 6
2100 ; 7
2215 ; 8
2868 ; 13
3467 ; 6
3790 ; 11
3891 ; 11
4245 ; 15
4785 ; 7
5191 ; 6
5449 ; 8
5717 ; 7
6362 ; 8
7619 ; 4
8729 ; 10
9152 ; 8
9498 ; 2
41 ; 5
1136 ; 3
1614 ; 12
1809 ; 4
2105 ; 9
3019 ; 14
3417 ; 3
3621 ; 4
5389 ; 2
5610 ; 1
6450 ; 14
7881 ; 10
8994 ; 4
9078 ; 1
9320 ; 10
9501 ; 12
9559 ; 3
9754 ; 7
42 ; 4
908 ; 1
1619 ; 10
1641 ; 13
1818 ; 3
2107 ; 7
2514 ; 2
2963 ; 17
3103 ; 2
3831 ; 6
4164 ; 7
4284 ; 12
4657 ; 8
5443 ; 15
5590 ; 7
5840 ; 13
5913 ; 13
7251 ; 14
7547 ; 7
7994 ; 13
8000 ; 7
8931 ; 7
9153 ; 12
9427 ; 11
9600 ; 10
43 ; 7
217 ; 1
510 ; 10
659 ; 1
687 ; 3
998 ; 5
1557 ; 11
3371 ; 5
3782 ; 12
3949 ; 1
4178 ; 8
6776 ; 1
6922 ; 10
8799 ; 2
9528 ; 10
9683 ; 2
44 ; 6
766 ; 7
1097 ; 5
3369 ; 1
3703 ; 2
4484 ; 4
4699 ; 2
5107 ; 1
5338 ; 3
5841 ; 8
6301 ; 12
7137 ; 11
7842 ; 3
8292 ; 1
8461 ; 4
8634 ; 1
8640 ; 2
8792 ; 1
9496 ; 8
45 ; 10
81 ; 14
352 ; 5
844 ; 1
3029 ; 5
4035 ; 12
4485 ; 8
4809 ; 5
5489 ; 5
5518 ; 14
6710 ; 2
7442 ; 11
7744 ; 11
7926 ; 15
9029 ; 6
46 ; 11
113 ; 9
1349 ; 3
1822 ; 4
2307 ; 1
3117 ; 15
3298 ; 9
3430 ; 3
4292 ; 2
5168 ; 8
5348 ; 15
6761 ; 5
7122 ; 13
7527 ; 12
9412 ; 3
9502 ; 1
47 ; 8
513 ; 9
1400 ; 9
1543 ; 7
1847 ; 3
2048 ; 1
2144 ; 3
3985 ; 6
4639 ; 10
5357 ; 13
6340 ; 12
6408 ; 2
6721 ; 11
7424 ; 10
9566 ; 9
48 ; 1
171 ; 8
379 ; 10
1055 ; 6
1125 ; 2
1532 ; 6
1742 ; 3
1885 ; 3
1970 ; 3
2577 ; 4
3081 ; 9
3452 ; 6
3503 ; 3
3556 ; 5
4584 ; 10
4954 ; 2
5022 ; 2
5031 ; 5
5122 ; 6
5370 ; 2
5886 ; 3
7324 ; 8
7805 ; 12
8129 ; 13
8174 ; 4
8965 ; 7
9419 ; 5
9511 ; 5
9632 ; 4
9805 ; 5
49 ; 10
1496 ; 8
1683 ; 8
3205 ; 5
4448 ; 4
4520 ; 3
6304 ; 2
7150 ; 3
7387 ; 11
7593 ; 8
7689 ; 1
7732 ; 6
7982 ; 1
8663 ; 11
9074 ; 1
9339 ; 6
50 ; 11
492 ; 2
2767 ; 8
2832 ; 4
3132 ; 1
3894 ; 9
4171 ; 7
4631 ; 4
4703 ; 9
5161 ; 13
5249 ; 9
7916 ; 12
8089 ; 7
9392 ; 3
51 ; 5
1481 ; 1
1525 ; 3
2387 ; 2
3240 ; 11
3885 ; 7
3990 ; 9
4300 ; 1
4315 ; 10
4370 ; 7
4840 ; 11
4978 ; 11
6374 ; 12
6495 ; 1
6604 ; 11
7116 ; 4
7157 ; 14
8806 ; 7
9259 ; 6
9795 ; 8
52 ; 10
1010 ; 3
1173 ; 3
3199 ; 13
4596 ; 6
4636 ; 2
4720 ; 14
4891 ; 4
5001 ; 6
5060 ; 5
5265 ; 8
5628 ; 5
5848 ; 8
6910 ; 1
7938 ; 11
8262 ; 12
8876 ; 7
9298 ; 7
9578 ; 3
53 ; 14
76 ; 7
176 ; 2
851 ; 1
1676 ; 12
2194 ; 4
2371 ; 2
2462 ; 3
4879 ; 10
5952 ; 12
6791 ; 9
7174 ; 8
8219 ; 2
8455 ; 6
54 ; 4
112 ; 9
554 ; 8
730 ; 7
735 ; 3
960 ; 1
1415 ; 8
2045 ; 3
2053 ; 5
3979 ; 10
4203 ; 9
4670 ; 15
5506 ; 11
5897 ; 3
6801 ; 5
7416 ; 3
7750 ; 9
8079 ; 5
9343 ; 2
9843 ; 7
9879 ; 9
55 ; 4
220 ; 7
285 ; 2
391 ; 5
396 ; 5
955 ; 9
3333 ; 6
3475 ; 9
4139 ; 15
4143 ; 1
4495 ; 1
6470 ; 9
6656 ; 6
6662 ; 13
6945 ; 2
7072 ; 6
7083 ; 1
7186 ; 3
7466 ; 5
7734 ; 3
8076 ; 14
8148 ; 14
8257 ; 6
8368 ; 1
9585 ; 9
56 ; 3
148 ; 12
199 ; 12
1144 ; 1
1273 ; 2
1631 ; 8
1876 ; 5
1982 ; 2
2369 ; 4
2541 ; 2
2585 ; 16
3387 ; 13
3821 ; 9
4146 ; 2
5012 ; 1
5100 ; 5
5641 ; 7
6733 ; 5
7286 ; 9
7348 ; 1
7422 ; 4
8241 ; 16
9491 ; 12
57 ; 6
198 ; 4
484 ; 2
1445 ; 4
2484 ; 4
2650 ; 2
2878 ; 1
4089 ; 3
4159 ; 9
4377 ; 8
5028 ; 2
5297 ; 5
6259 ; 14
6610 ; 8
7537 ; 10
8725 ; 8
8745 ; 10
8943 ; 3
9075 ; 14
9644 ; 2
1320 ; 6
2338 ; 1
3091 ; 13
4871 ; 9
5322 ; 7
6820 ; 7
7356 ; 4
7493 ; 6
7755 ; 13
8664 ; 12
59 ; 3
312 ; 1
596 ; 14
938 ; 6
1008 ; 2
1419 ; 5
1526 ; 12
2736 ; 2
3289 ; 5
3904 ; 2
4766 ; 10
4834 ; 1
5686 ; 1
6212 ; 4
6678 ; 5
7255 ; 5
8235 ; 6
8716 ; 11
9050 ; 1
9091 ; 7
9097 ; 11
9137 ; 5
9663 ; 14
60 ; 4
283 ; 6
653 ; 9
1892 ; 8
2298 ; 12
2586 ; 1
2666 ; 7
2953 ; 2
4117 ; 2
4148 ; 7
4967 ; 1
5261 ; 3
5283 ; 3
6031 ; 5
7589 ; 3
8424 ; 9
8843 ; 11
9098 ; 12
10000 ; 10
61 ; 6
987 ; 2
1001 ; 2
1169 ; 5
1230 ; 9
2250 ; 1
3654 ; 12
3661 ; 2
3736 ; 8
5579 ; 9
6268 ; 15
7879 ; 1
8189 ; 5
8420 ; 4
8896 ; 4
9203 ; 3
9673 ; 12
62 ; 11
558 ; 2
1161 ; 2
1535 ; 2
1938 ; 5
2453 ; 3
3576 ; 3
5372 ; 6
6233 ; 2
6272 ; 13
6401 ; 6
6529 ; 5
7892 ; 4
8702 ; 1
9233 ; 1
9586 ; 9
63 ; 1
67 ; 7
788 ; 9
1428 ; 4
3090 ; 7
3760 ; 7
4537 ; 8
4763 ; 7
5271 ; 3
5358 ; 5
5508 ; 4
5666 ; 2
7468 ; 2
7935 ; 6
9555 ; 5
64 ; 3
75 ; 1
630 ; 6
870 ; 2
1155 ; 2
1340 ; 7
2062 ; 2
2942 ; 8
3121 ; 5
3151 ; 10
3634 ; 2
4572 ; 9
5169 ; 1
5362 ; 4
5596 ; 8
5908 ; 7
6805 ; 2
7266 ; 16
8187 ; 4
8588 ; 9
8710 ; 8
8797 ; 7
8989 ; 10
9609 ; 4
65 ; 3
458 ; 1
522 ; 5
701 ; 6
846 ; 2
1165 ; 1
1271 ; 6
2262 ; 1
2274 ; 12
2667 ; 9
2785 ; 8
2949 ; 5
3379 ; 10
3596 ; 1
3637 ; 13
3728 ; 6
3912 ; 6
3919 ; 7
4409 ; 12
5956 ; 8
6249 ; 7
6458 ; 10
6810 ; 8
6830 ; 10
7135 ; 6
8371 ; 6
8804 ; 4
8820 ; 8
9782 ; 7
66 ; 10
944 ; 4
1203 ; 9
1569 ; 6
2157 ; 14
2366 ; 9
3660 ; 12
3679 ; 5
5128 ; 2
5225 ; 8
5321 ; 6
5658 ; 13
6525 ; 9
6532 ; 3
6540 ; 12
7236 ; 12
7557 ; 3
7850 ; 7
8086 ; 13
8626 ; 7
8860 ; 9
9236 ; 6
292 ; 3
796 ; 12
1423 ; 9
2719 ; 10
2900 ; 10
3164 ; 3
3747 ; 4
4531 ; 12
4538 ; 11
5194 ; 13
5637 ; 12
6616 ; 4
7309 ; 10
7625 ; 1
7651 ; 9
8131 ; 5
8240 ; 4
8390 ; 13
8492 ; 9
9981 ; 1
68 ; 8
543 ; 11
971 ; 6
1727 ; 2
1796 ; 14
2109 ; 13
3067 ; 7
4085 ; 5
4132 ; 6
5885 ; 9
6321 ; 2
6345 ; 1
6634 ; 9
7465 ; 10
7488 ; 7
8724 ; 9
8821 ; 12
9057 ; 6
69 ; 12
848 ; 16
1186 ; 10
1223 ; 4
2244 ; 1
2979 ; 6
3112 ; 3
3279 ; 2
3655 ; 8
4398 ; 3
4644 ; 2
4935 ; 14
6276 ; 1
7043 ; 4
7455 ; 10
8283 ; 14
8343 ; 10
9686 ; 1
70 ; 13
185 ; 4
251 ; 11
869 ; 5
1370 ; 8
1673 ; 4
1960 ; 5
4581 ; 5
5009 ; 15
7439 ; 6
8268 ; 3
9027 ; 8
9354 ; 8
9833 ; 1
71 ; 7
278 ; 4
2813 ; 15
3832 ; 1
4030 ; 4
5174 ; 1
5232 ; 4
6743 ; 8
7346 ; 2
7992 ; 4
8696 ; 6
9340 ; 13
72 ; 4
656 ; 8
820 ; 3
1023 ; 6
1032 ; 2
2282 ; 9
3086 ; 14
3332 ; 5
3450 ; 3
3966 ; 3
4382 ; 3
4611 ; 1
5332 ; 6
6291 ; 2
7560 ; 1
8044 ; 9
8970 ; 1
9167 ; 11
9252 ; 10
73 ; 16
524 ; 5
548 ; 8
1654 ; 2
2249 ; 5
3092 ; 5
3524 ; 7
4805 ; 4
5930 ; 7
6849 ; 6
6972 ; 9
8217 ; 4
8456 ; 6
9058 ; 4
9992 ; 4
74 ; 7
881 ; 1
1485 ; 4
2082 ; 11
2287 ; 10
3237 ; 10
3738 ; 3
3836 ; 10
4181 ; 9
5087 ; 3
5798 ; 10
7159 ; 1
7171 ; 11
7479 ; 6
7580 ; 9
8113 ; 13
8772 ; 11
9080 ; 13
9986 ; 1
1930 ; 4
2140 ; 8
2260 ; 8
2480 ; 5
2882 ; 13
2951 ; 11
3278 ; 8
4046 ; 3
4700 ; 7
5037 ; 3
5131 ; 12
5909 ; 3
7447 ; 12
8404 ; 3
8795 ; 9
9513 ; 7
9648 ; 11
214 ; 4
1987 ; 13
2506 ; 8
2519 ; 8
3262 ; 10
4183 ; 12
4771 ; 11
5439 ; 3
5775 ; 15
6000 ; 8
6033 ; 10
6111 ; 3
6859 ; 4
8789 ; 9
8848 ; 8
9705 ; 5
1852 ; 3
2671 ; 12
3089 ; 7
4068 ; 1
4166 ; 6
4173 ; 12
4335 ; 2
6057 ; 5
6534 ; 2
7735 ; 1
8106 ; 6
8186 ; 8
8521 ; 9
8972 ; 3
9240 ; 13
9557 ; 2
9666 ; 3
78 ; 14
253 ; 5
2730 ; 1
3680 ; 7
4522 ; 9
5034 ; 3
5387 ; 1
6110 ; 4
6130 ; 8
6247 ; 2
7564 ; 10
7569 ; 1
7762 ; 6
9352 ; 3
9580 ; 5
79 ; 8
132 ; 6
1999 ; 2
2409 ; 16
2857 ; 14
3133 ; 10
4463 ; 12
4861 ; 7
5051 ; 11
5954 ; 2
6507 ; 1
6573 ; 12
8287 ; 13
8329 ; 6
8421 ; 7
9262 ; 3
9891 ; 5
80 ; 4
1022 ; 7
1956 ; 1
2989 ; 10
3407 ; 3
3734 ; 7
4518 ; 5
4588 ; 7
5111 ; 1
5969 ; 11
6696 ; 7
8392 ; 7
8971 ; 7
9732 ; 7
9809 ; 3
562 ; 2
571 ; 1
608 ; 3
774 ; 6
2226 ; 3
2507 ; 5
3543 ; 11
4490 ; 10
4516 ; 9
4663 ; 11
6825 ; 2
7385 ; 4
7654 ; 8
9815 ; 12
82 ; 6
256 ; 8
311 ; 10
1608 ; 11
2304 ; 1
3835 ; 8
4041 ; 3
4828 ; 5
4869 ; 4
5401 ; 13
5536 ; 5
5764 ; 5
6955 ; 9
7507 ; 10
7966 ; 9
8348 ; 3
9012 ; 7
9464 ; 5
83 ; 4
208 ; 6
540 ; 3
902 ; 8
1026 ; 10
1038 ; 10
1044 ; 10
1710 ; 6
1918 ; 3
2732 ; 2
3581 ; 1
3749 ; 8
4047 ; 9
4114 ; 5
4446 ; 3
5259 ; 2
5754 ; 7
5989 ; 9
6481 ; 5
6646 ; 5
7320 ; 2
7624 ; 7
8035 ; 10
8297 ; 6
8460 ; 1
8528 ; 9
84 ; 2
284 ; 13
868 ; 14
1279 ; 6
1385 ; 1
1790 ; 1
2257 ; 10
3657 ; 8
3896 ; 5
4712 ; 5
5732 ; 3
6004 ; 5
7269 ; 3
7474 ; 12
7632 ; 12
7636 ; 14
8105 ; 11
9168 ; 11
85 ; 8
313 ; 10
639 ; 10
1098 ; 3
1245 ; 5
1293 ; 1
2020 ; 4
3214 ; 6
3999 ; 7
4055 ; 4
4745 ; 2
5162 ; 5
5429 ; 11
5612 ; 5
5998 ; 5
6093 ; 2
6911 ; 10
6914 ; 3
8151 ; 13
8819 ; 10
8997 ; 2
9345 ; 5
338 ; 8
718 ; 13
906 ; 1
1685 ; 4
2383 ; 4
2642 ; 4
4837 ; 3
6208 ; 3
7012 ; 1
7927 ; 3
8041 ; 12
8116 ; 1
8897 ; 12
9015 ; 13
9148 ; 7
87 ; 12
633 ; 11
1268 ; 1
1738 ; 8
2451 ; 8
2907 ; 2
3586 ; 6
3625 ; 13
4274 ; 2
4549 ; 11
4756 ; 4
5016 ; 4
5227 ; 11
6287 ; 3
9661 ; 7
9897 ; 10
88 ; 10
914 ; 3
1365 ; 8
1616 ; 7
2153 ; 8
2871 ; 9
3149 ; 6
4904 ; 3
4939 ; 9
5166 ; 14
5195 ; 3
5662 ; 2
5684 ; 15
5878 ; 8
7081 ; 4
7980 ; 9
8568 ; 4
8662 ; 3
8832 ; 4
89 ; 8
516 ; 1
1639 ; 15
1967 ; 10
1994 ; 3
2687 ; 11
3215 ; 10
4058 ; 11
4175 ; 4
4948 ; 4
5337 ; 4
6100 ; 6
6530 ; 9
7008 ; 1
7234 ; 5
9219 ; 10
9778 ; 4
90 ; 6
222 ; 5
1872 ; 2
2562 ; 4
6025 ; 3
7108 ; 8
7271 ; 12
8069 ; 9
8111 ; 4
8555 ; 7
8905 ; 12
9592 ; 3
91 ; 2
149 ; 5
446 ; 3
620 ; 8
1696 ; 13
2203 ; 3
2275 ; 10
2522 ; 3
2564 ; 9
3942 ; 13
4612 ; 13
4969 ; 9
6108 ; 7
6277 ; 5
6600 ; 7
6874 ; 8
7191 ; 10
7331 ; 8
7595 ; 8
8688 ; 7
9741 ; 6
9905 ; 3
92 ; 7
499 ; 6
561 ; 3
865 ; 3
977 ; 8
2034 ; 2
2771 ; 2
2898 ; 4
3638 ; 10
3802 ; 11
7536 ; 9
9894 ; 11
93 ; 2
355 ; 16
537 ; 11
1762 ; 10
2135 ; 11
2469 ; 10
2829 ; 13
3399 ; 5
5136 ; 8
5303 ; 11
6993 ; 5
8057 ; 6
8936 ; 5
9834 ; 1
94 ; 2
372 ; 6
376 ; 7
699 ; 10
2066 ; 8
3603 ; 12
3627 ; 1
4845 ; 3
4952 ; 12
5821 ; 3
5893 ; 4
6101 ; 10
7512 ; 10
8058 ; 1
9459 ; 15
95 ; 9
1142 ; 2
1528 ; 4
2454 ; 11
3339 ; 11
3700 ; 6
4000 ; 6
4530 ; 8
4994 ; 5
5594 ; 7
6157 ; 5
7577 ; 10
7630 ; 6
8381 ; 7
8397 ; 12
8457 ; 13
8549 ; 6
9178 ; 12
96 ; 6
1232 ; 9
2051 ; 2
2114 ; 2
2380 ; 13
3245 ; 3
3296 ; 10
4908 ; 8
5202 ; 11
5408 ; 4
6661 ; 5
6834 ; 4
6977 ; 5
7057 ; 3
7355 ; 11
8887 ; 14
97 ; 6
996 ; 7
1356 ; 7
2623 ; 8
3191 ; 11
3716 ; 10
3920 ; 7
4156 ; 13
4219 ; 8
4715 ; 14
5101 ; 14
5193 ; 13
6047 ; 10
7496 ; 1
7638 ; 7
7774 ; 2
8056 ; 9
8162 ; 9
8927 ; 8
8956 ; 15
9068 ; 11
98 ; 4
804 ; 1
2468 ; 13
2471 ; 8
2932 ; 9
2941 ; 9
3010 ; 1
3283 ; 9
4633 ; 6
6404 ; 6
8593 ; 12
9591 ; 7
99 ; 7
173 ; 8
649 ; 11
782 ; 1
2498 ; 3
3257 ; 6
4158 ; 5
4368 ; 5
4632 ; 3
5125 ; 4
5208 ; 10
6868 ; 10
7284 ; 5
8316 ; 1
9130 ; 4
9999 ; 15
100 ; 4
874 ; 10
1313 ; 1
1739 ; 14
1803 ; 13
2087 ; 9
3330 ; 12
3811 ; 1
3975 ; 6
4192 ; 13
4907 ; 9
5368 ; 12
5999 ; 2
6554 ; 9
8498 ; 9
8798 ; 7
8845 ; 6
9085 ; 1
9155 ; 2
9181 ; 1
9546 ; 14
9628 ; 7
443 ; 8
749 ; 1
1301 ; 4
1548 ; 10
1643 ; 4
2377 ; 5
3426 ; 10
4080 ; 8
4582 ; 11
4617 ; 5
4940 ; 13
5216 ; 4
5648 ; 9
5672 ; 5
7351 ; 12
7809 ; 15
8870 ; 10
102 ; 10
2041 ; 16
2825 ; 9
3020 ; 11
3152 ; 2
3385 ; 1
5275 ; 1
5398 ; 2
5466 ; 1
5542 ; 4
5660 ; 4
6117 ; 12
6436 ; 3
7585 ; 5
8332 ; 9
8671 ; 8
9073 ; 8
9413 ; 8
103 ; 10
259 ; 5
354 ; 3
544 ; 13
1450 ; 11
1459 ; 4
1773 ; 2
2130 ; 6
2281 ; 4
3853 ; 3
3856 ; 8
4575 ; 1
5801 ; 9
7005 ; 2
7573 ; 1
7964 ; 6
8752 ; 8
104 ; 2
287 ; 4
617 ; 13
691 ; 9
1179 ; 11
1354 ; 10
1871 ; 10
2148 ; 4
2374 ; 1
3460 ; 8
4928 ; 14
5445 ; 7
5773 ; 7
6545 ; 1
7221 ; 9
7645 ; 7
7804 ; 9
9565 ; 3
9846 ; 7
105 ; 1
757 ; 13
958 ; 4
970 ; 10
1045 ; 14
1406 ; 7
1503 ; 5
1514 ; 12
2394 ; 15
2495 ; 9
2683 ; 4
3074 ; 4
4352 ; 6
5119 ; 6
5939 ; 13
5977 ; 4
7199 ; 3
7227 ; 15
7400 ; 4
8569 ; 10
8864 ; 3
106 ; 3
781 ; 7
1447 ; 6
2563 ; 2
2834 ; 5
2943 ; 12
3106 ; 9
5344 ; 7
5442 ; 6
5887 ; 12
8207 ; 1
8464 ; 5
8886 ; 4
107 ; 2
344 ; 8
1150 ; 5
1582 ; 12
1950 ; 5
2368 ; 3
3209 ; 8
3285 ; 7
3882 ; 5
4127 ; 4
5543 ; 1
6302 ; 9
6658 ; 14
7571 ; 5
8300 ; 8
9426 ; 3
9918 ; 1
108 ; 10
392 ; 8
638 ; 13
966 ; 11
1797 ; 7
2917 ; 1
3347 ; 3
3701 ; 13
3771 ; 12
4153 ; 7
4637 ; 3
5164 ; 11
5593 ; 3
6707 ; 1
6749 ; 1
6794 ; 13
6948 ; 2
7080 ; 5
7820 ; 5
109 ; 6
523 ; 7
603 ; 8
2069 ; 3
2285 ; 10
3998 ; 5
4267 ; 2
4993 ; 1
7228 ; 9
7423 ; 1
7613 ; 2
7810 ; 5
8147 ; 4
8782 ; 5
9192 ; 4
9784 ; 7
110 ; 10
832 ; 2
975 ; 5
1791 ; 4
2216 ; 1
2985 ; 11
3562 ; 12
3702 ; 5
4548 ; 7
5926 ; 1
6013 ; 12
6528 ; 3
7010 ; 11
7860 ; 13
8115 ; 14
9119 ; 6
9246 ; 8
9476 ; 8
111 ; 2
323 ; 3
736 ; 3
790 ; 4
1082 ; 1
1434 ; 7
1896 ; 7
2499 ; 6
3228 ; 3
3447 ; 3
3818 ; 5
4005 ; 12
4066 ; 13
4199 ; 13
4210 ; 7
5306 ; 10
5459 ; 8
5733 ; 1
6412 ; 10
6523 ; 4
6999 ; 1
7001 ; 1
8032 ; 8
215 ; 2
347 ; 14
472 ; 2
940 ; 2
1047 ; 13
1200 ; 1
3924 ; 8
5767 ; 3
6206 ; 1
6501 ; 4
7007 ; 7
7941 ; 7
7968 ; 4
7981 ; 3
8002 ; 7
9024 ; 4
9061 ; 1
1741 ; 5
1832 ; 1
2054 ; 6
2964 ; 14
3123 ; 4
3881 ; 3
4660 ; 3
4775 ; 1
6067 ; 8
6365 ; 13
6557 ; 3
8438 ; 11
9558 ; 10
114 ; 3
579 ; 2
582 ; 9
1078 ; 1
1146 ; 7
2309 ; 5
2378 ; 9
2660 ; 7
3514 ; 11
3666 ; 1
4454 ; 4
4688 ; 5
5117 ; 14
5510 ; 10
5649 ; 11
6050 ; 4
6175 ; 8
6323 ; 12
6467 ; 5
6883 ; 17
7542 ; 8
7816 ; 13
7893 ; 1
8412 ; 6
9200 ; 7
9811 ; 9
115 ; 3
145 ; 4
1409 ; 11
1482 ; 2
1931 ; 7
2474 ; 7
3061 ; 6
3144 ; 14
3842 ; 2
3854 ; 12
3883 ; 12
4405 ; 9
4685 ; 6
6061 ; 6
6688 ; 9
6773 ; 13
7945 ; 2
8785 ; 12
8844 ; 9
9326 ; 4
116 ; 16
1622 ; 8
2830 ; 1
3522 ; 4
3552 ; 13
3571 ; 10
3697 ; 10
4295 ; 1
6498 ; 13
6555 ; 7
7312 ; 6
7516 ; 11
8978 ; 9
9635 ; 4
117 ; 1
304 ; 4
519 ; 11
697 ; 5
2450 ; 2
2619 ; 6
4441 ; 3
4624 ; 7
4810 ; 12
6827 ; 10
7720 ; 9
8826 ; 9
118 ; 4
337 ; 7
845 ; 9
890 ; 3
2556 ; 9
3980 ; 11
4428 ; 8
4741 ; 6
5418 ; 3
5558 ; 5
6015 ; 7
6342 ; 7
6899 ; 6
7038 ; 8
8552 ; 1
9297 ; 2
9829 ; 8
119 ; 4
262 ; 15
1099 ; 10
1201 ; 5
2002 ; 2
2569 ; 1
3024 ; 9
3768 ; 9
4031 ; 9
5577 ; 3
5731 ; 9
6017 ; 11
9280 ; 6
9344 ; 7
9393 ; 1
9527 ; 3
9690 ; 9
120 ; 13
412 ; 4
2119 ; 4
2379 ; 5
3048 ; 4
3715 ; 8
4269 ; 2
4971 ; 10
5707 ; 7
6168 ; 12
7226 ; 10
9349 ; 5
121 ; 8
592 ; 10
2436 ; 3
2600 ; 11
3082 ; 10
3256 ; 1
3423 ; 7
3808 ; 4
3833 ; 2
3847 ; 10
4887 ; 3
4892 ; 2
6308 ; 4
6568 ; 14
8565 ; 10
8796 ; 2
8900 ; 11
9884 ; 2
122 ; 5
467 ; 6
1260 ; 6
1572 ; 6
2183 ; 8
2935 ; 9
3373 ; 7
3498 ; 12
4027 ; 4
4136 ; 2
4318 ; 2
5808 ; 2
6782 ; 10
9156 ; 4
123 ; 2
1478 ; 8
2428 ; 3
3673 ; 1
3751 ; 11
4823 ; 6
5643 ; 1
7398 ; 5
7812 ; 6
8482 ; 1
8491 ; 7
9112 ; 10
9488 ; 1
124 ; 4
1890 ; 3
2180 ; 6
2717 ; 2
4106 ; 3
4423 ; 13
5464 ; 2
5556 ; 7
5965 ; 3
6812 ; 2
7073 ; 10
7611 ; 3
8540 ; 10
9391 ; 6
9974 ; 14
125 ; 1
669 ; 12
1592 ; 6
1958 ; 9
2890 ; 7
3032 ; 6
4755 ; 10
5121 ; 5
5184 ; 5
5470 ; 2
5499 ; 10
6533 ; 9
6734 ; 8
7383 ; 16
7653 ; 3
126 ; 11
464 ; 1
896 ; 2
2116 ; 3
2741 ; 4
2894 ; 1
3203 ; 7
4268 ; 6
5061 ; 5
5116 ; 3
5118 ; 5
5320 ; 5
5573 ; 1
127 ; 5
514 ; 14
1159 ; 11
1261 ; 4
1906 ; 6
1940 ; 2
3043 ; 7
3857 ; 12
4383 ; 10
4478 ; 3
5171 ; 2
5428 ; 10
6226 ; 3
7160 ; 4
7292 ; 13
7943 ; 10
8497 ; 1
9026 ; 2
9504 ; 7
9616 ; 4
9712 ; 4
128 ; 3
2199 ; 10
2234 ; 9
2707 ; 13
4811 ; 8
5252 ; 10
5735 ; 5
5898 ; 5
5924 ; 6
6223 ; 2
6740 ; 1
7085 ; 9
8349 ; 5
9017 ; 8
9395 ; 10
129 ; 10
560 ; 7
801 ; 4
1630 ; 3
3602 ; 7
5347 ; 8
5450 ; 8
6147 ; 3
6488 ; 8
6572 ; 2
6652 ; 8
8033 ; 7
8543 ; 8
8579 ; 12
9466 ; 6
555 ; 12
1969 ; 7
2206 ; 13
3196 ; 3
3217 ; 3
3664 ; 9
3986 ; 6
4024 ; 6
4662 ; 1
4693 ; 8
4722 ; 6
5581 ; 8
6090 ; 3
6788 ; 14
7217 ; 6
7364 ; 16
8132 ; 3
8181 ; 2
8585 ; 7
9129 ; 11
9715 ; 7
131 ; 5
397 ; 13
647 ; 6
817 ; 6
897 ; 4
3431 ; 3
4147 ; 2
4714 ; 12
4863 ; 16
5307 ; 12
5701 ; 9
5847 ; 6
6089 ; 8
6944 ; 8
7487 ; 12
8271 ; 12
8344 ; 1
9033 ; 2
9704 ; 1
2334 ; 7
3591 ; 5
3731 ; 3
4339 ; 8
5673 ; 2
5794 ; 13
6442 ; 14
7054 ; 5
8012 ; 5
8862 ; 4
9595 ; 1
133 ; 6
1912 ; 8
2854 ; 5
4362 ; 1
4529 ; 8
5175 ; 5
8003 ; 12
8942 ; 9
134 ; 7
167 ; 10
1163 ; 11
1964 ; 1
3085 ; 16
3567 ; 14
4110 ; 3
4324 ; 2
4474 ; 11
4654 ; 16
6255 ; 1
6505 ; 9
6506 ; 5
7189 ; 6
7232 ; 4
8580 ; 2
9562 ; 9
135 ; 10
243 ; 4
1765 ; 9
1821 ; 8
3234 ; 7
3812 ; 7
4831 ; 5
5631 ; 8
5644 ; 5
5652 ; 1
6379 ; 6
8324 ; 3
8630 ; 3
9227 ; 9
9571 ; 5
9849 ; 8
136 ; 8
415 ; 7
763 ; 2
1467 ; 9
2497 ; 9
2644 ; 5
2796 ; 3
3252 ; 9
3394 ; 3
3799 ; 5
4794 ; 3
6682 ; 4
6690 ; 3
7288 ; 6
7586 ; 5
7644 ; 9
8761 ; 4
9133 ; 7
9218 ; 11
137 ; 8
246 ; 9
680 ; 3
1006 ; 5
1933 ; 11
2333 ; 2
2731 ; 3
3671 ; 4
5089 ; 12
5881 ; 3
5971 ; 12
6296 ; 4
8019 ; 3
8395 ; 2
138 ; 3
530 ; 1
1072 ; 4
1566 ; 1
2442 ; 10
4533 ; 16
4723 ; 12
5188 ; 10
6798 ; 4
7018 ; 13
7248 ; 1
7261 ; 2
8013 ; 1
8581 ; 4
139 ; 3
205 ; 7
335 ; 13
892 ; 8
1247 ; 4
1565 ; 7
1777 ; 5
1785 ; 6
3527 ; 7
3791 ; 7
3927 ; 11
4553 ; 2
5378 ; 2
5595 ; 2
6892 ; 1
6969 ; 6
140 ; 4
983 ; 6
1978 ; 6
3814 ; 9
4212 ; 5
5078 ; 6
5650 ; 2
6746 ; 5
8408 ; 3
8793 ; 1
8878 ; 6
9049 ; 3
9436 ; 12
9836 ; 8
9869 ; 13
9989 ; 5
141 ; 1
295 ; 7
806 ; 11
1699 ; 8
2856 ; 6
2940 ; 9
4104 ; 11
5294 ; 2
6114 ; 7
7678 ; 7
8024 ; 2
8856 ; 4
9489 ; 11
9716 ; 3
9978 ; 10
142 ; 13
319 ; 11
645 ; 4
1754 ; 8
2977 ; 7
3075 ; 10
6739 ; 4
6938 ; 1
6968 ; 2
7282 ; 4
7993 ; 8
9634 ; 3
143 ; 5
978 ; 13
2425 ; 8
3830 ; 12
5693 ; 6
6023 ; 9
6133 ; 7
6252 ; 13
7279 ; 6
8165 ; 8
9269 ; 2
9357 ; 9
9368 ; 7
144 ; 5
823 ; 3
1127 ; 4
2678 ; 13
3148 ; 2
3362 ; 2
4397 ; 3
6923 ; 2
7125 ; 12
8309 ; 1
8855 ; 7
9944 ; 9
9961 ; 12
152 ; 5
440 ; 5
1611 ; 3
2276 ; 8
2630 ; 7
2818 ; 10
3997 ; 1
4079 ; 1
4179 ; 7
4317 ; 2
5192 ; 7
5529 ; 13
8031 ; 8
9295 ; 5
9312 ; 1
146 ; 5
1783 ; 4
2614 ; 4
4980 ; 4
5285 ; 9
5785 ; 11
5786 ; 6
5874 ; 2
7497 ; 3
7990 ; 11
9022 ; 2
9329 ; 15
9453 ; 2
9994 ; 2
1100 ; 4
1574 ; 13
2052 ; 1
2397 ; 4
2648 ; 6
2807 ; 12
2924 ; 8
2980 ; 8
3617 ; 4
4395 ; 11
4822 ; 8
7069 ; 1
7989 ; 7
1975 ; 1
2485 ; 14
3921 ; 1
4275 ; 13
4433 ; 11
4981 ; 8
5356 ; 3
5962 ; 7
7201 ; 2
7303 ; 1
7640 ; 5
7791 ; 13
8158 ; 1
9437 ; 6
303 ; 1
315 ; 9
417 ; 9
425 ; 12
434 ; 2
525 ; 4
1254 ; 1
1937 ; 8
3034 ; 6
3068 ; 2
3780 ; 9
4010 ; 9
4021 ; 2
5682 ; 7
6043 ; 7
6071 ; 7
8881 ; 7
9131 ; 12
9638 ; 15
150 ; 10
1212 ; 14
1820 ; 4
3416 ; 1
4814 ; 6
5663 ; 1
5705 ; 7
6228 ; 12
6493 ; 3
7490 ; 1
8097 ; 2
8155 ; 3
8322 ; 11
8714 ; 8
9122 ; 3
9292 ; 5
9749 ; 3
151 ; 5
193 ; 9
1440 ; 3
2698 ; 9
3415 ; 4
3428 ; 4
3722 ; 1
3841 ; 8
4580 ; 3
5132 ; 3
5551 ; 3
6615 ; 12
9826 ; 4
1315 ; 1
4302 ; 4
5636 ; 6
5860 ; 11
6326 ; 7
6674 ; 3
7798 ; 1
7991 ; 11
153 ; 2
260 ; 3
1747 ; 10
4665 ; 6
4816 ; 1
5013 ; 9
6518 ; 1
7004 ; 4
7158 ; 12
7984 ; 6
8509 ; 13
9604 ; 5
154 ; 11
506 ; 15
2801 ; 2
3397 ; 7
3859 ; 5
4380 ; 9
4418 ; 13
4535 ; 8
7233 ; 4
7575 ; 10
7581 ; 12
7863 ; 4
155 ; 13
365 ; 8
1009 ; 7
2552 ; 4
4061 ; 4
4209 ; 8
4865 ; 5
7362 ; 4
7618 ; 5
7777 ; 2
7961 ; 5
9086 ; 10
9353 ; 8
9516 ; 2
9545 ; 2
156 ; 12
1124 ; 2
2747 ; 5
3113 ; 1
3253 ; 10
4517 ; 9
5073 ; 16
5108 ; 10
5253 ; 2
5511 ; 9
5899 ; 6
5905 ; 3
6777 ; 10
7885 ; 6
8272 ; 3
8433 ; 11
8763 ; 7
157 ; 15
819 ; 9
2182 ; 7
2558 ; 11
2566 ; 4
2934 ; 3
3095 ; 9
3326 ; 2
3658 ; 12
3866 ; 14
5030 ; 8
6349 ; 7
6891 ; 1
7243 ; 9
7354 ; 1
8816 ; 9
9480 ; 6
158 ; 5
1386 ; 10
1524 ; 12
2324 ; 8
2553 ; 6
3546 ; 3
4333 ; 4
5380 ; 1
6916 ; 7
7729 ; 3
8312 ; 4
8490 ; 6
9100 ; 6
9475 ; 3
9875 ; 8
159 ; 12
581 ; 15
1214 ; 4
1579 ; 4
1843 ; 8
3422 ; 16
4906 ; 6
6006 ; 2
7317 ; 14
7374 ; 4
7399 ; 7
7730 ; 9
7737 ; 9
8427 ; 5
8917 ; 8
8933 ; 5
160 ; 10
3595 ; 3
5938 ; 13
8065 ; 5
9860 ; 3
161 ; 6
387 ; 3
747 ; 1
1522 ; 14
2848 ; 8
3877 ; 11
5567 ; 9
6199 ; 2
7535 ; 11
7830 ; 4
8092 ; 10
8117 ; 3
8125 ; 11
8157 ; 12
9225 ; 10
9563 ; 9
9642 ; 2
162 ; 11
1016 ; 5
1834 ; 4
2072 ; 4
2721 ; 6
3141 ; 2
4256 ; 3
4458 ; 5
5023 ; 7
7727 ; 5
9376 ; 5
163 ; 6
301 ; 11
463 ; 2
1487 ; 13
1583 ; 9
2200 ; 5
2512 ; 11
3013 ; 5
3291 ; 5
5352 ; 10
5944 ; 3
6240 ; 4
7340 ; 2
7600 ; 8
8445 ; 9
9649 ; 3
164 ; 10
623 ; 13
1069 ; 6
1446 ; 11
2608 ; 11
5199 ; 17
5721 ; 8
5891 ; 8
6703 ; 2
8043 ; 1
8123 ; 1
8711 ; 9
9281 ; 9
165 ; 4
310 ; 6
913 ; 6
1228 ; 8
1513 ; 3
1743 ; 12
2364 ; 7
3038 ; 10
3268 ; 3
3338 ; 6
3464 ; 7
3653 ; 9
4864 ; 5
8523 ; 2
166 ; 11
734 ; 7
793 ; 4
1635 ; 4
2532 ; 14
2646 ; 5
3366 ; 8
3405 ; 8
4078 ; 7
4122 ; 3
4666 ; 6
4932 ; 3
5366 ; 9
5532 ; 2
5613 ; 13
5943 ; 4
7923 ; 1
8910 ; 10
2478 ; 9
2546 ; 9
3610 ; 9
3623 ; 6
3888 ; 11
4152 ; 12
4319 ; 7
4367 ; 9
5491 ; 9
6629 ; 7
8130 ; 3
9662 ; 3
168 ; 14
584 ; 6
3551 ; 7
3889 ; 4
6024 ; 10
6943 ; 3
7274 ; 1
7405 ; 1
8087 ; 5
8768 ; 1
169 ; 5
1392 ; 6
2012 ; 9
2185 ; 2
3763 ; 3
4215 ; 3
4684 ; 9
5753 ; 13
6134 ; 9
6232 ; 13
6347 ; 6
6775 ; 14
7291 ; 9
7815 ; 9
8833 ; 1
9125 ; 8
9278 ; 2
898 ; 11
1197 ; 4
2748 ; 2
2960 ; 13
3470 ; 7
3867 ; 3
4330 ; 16
5241 ; 12
5550 ; 4
5845 ; 10
8009 ; 2
8463 ; 2
8708 ; 8
9222 ; 9
9827 ; 10
206 ; 10
426 ; 6
1674 ; 5
2448 ; 5
2482 ; 5
2604 ; 2
3118 ; 5
4056 ; 10
4491 ; 1
4737 ; 5
4903 ; 6
5797 ; 2
6917 ; 4
7807 ; 14
8473 ; 1
172 ; 12
186 ; 4
478 ; 9
3870 ; 2
4044 ; 4
4806 ; 6
5367 ; 9
7002 ; 11
7499 ; 9
7683 ; 7
7725 ; 9
8815 ; 15
9170 ; 10
9205 ; 10
9537 ; 7
9793 ; 4
358 ; 12
787 ; 3
1121 ; 7
1185 ; 1
1374 ; 13
4003 ; 12
4099 ; 11
4393 ; 13
4984 ; 10
5048 ; 3
5979 ; 10
6171 ; 9
6536 ; 3
6708 ; 1
7454 ; 3
7662 ; 4
9713 ; 14
174 ; 3
756 ; 5
822 ; 14
1367 ; 9
2272 ; 5
3098 ; 1
3868 ; 4
3893 ; 10
4782 ; 5
5670 ; 4
8215 ; 2
8556 ; 9
9092 ; 11
175 ; 4
1399 ; 2
1431 ; 9
2738 ; 5
3028 ; 3
3606 ; 14
5296 ; 10
5340 ; 3
5379 ; 11
6711 ; 12
8153 ; 3
8302 ; 5
9020 ; 11
290 ; 5
1658 ; 7
2776 ; 4
2780 ; 8
2944 ; 4
2956 ; 4
3273 ; 7
3465 ; 6
3689 ; 9
3937 ; 7
4354 ; 8
4466 ; 4
5509 ; 14
5768 ; 10
6980 ; 5
8038 ; 8
8047 ; 6
8062 ; 10
8102 ; 4
8684 ; 12
8737 ; 11
9132 ; 8
177 ; 13
187 ; 1
302 ; 11
835 ; 6
1167 ; 9
2584 ; 6
2739 ; 16
3312 ; 14
3766 ; 9
5154 ; 4
5363 ; 10
5837 ; 5
8551 ; 12
9179 ; 4
178 ; 3
240 ; 12
1018 ; 13
1297 ; 8
1789 ; 7
2477 ; 1
3844 ; 7
7323 ; 4
7330 ; 9
8218 ; 12
8913 ; 9
9387 ; 1
9439 ; 9
9901 ; 13
179 ; 5
665 ; 7
1341 ; 1
2700 ; 3
2852 ; 1
3127 ; 12
3756 ; 3
5760 ; 9
6032 ; 1
6526 ; 4
6630 ; 1
6789 ; 3
7462 ; 1
7948 ; 13
8334 ; 10
8403 ; 10
9371 ; 11
9409 ; 9
9495 ; 10
180 ; 5
783 ; 11
2826 ; 10
3058 ; 3
3158 ; 6
4105 ; 11
4404 ; 9
4449 ; 2
5129 ; 8
5163 ; 7
5480 ; 7
5559 ; 6
6176 ; 7
6245 ; 1
7016 ; 1
9232 ; 6
181 ; 4
247 ; 1
1242 ; 14
1636 ; 3
1755 ; 3
1829 ; 11
2393 ; 1
3916 ; 6
4512 ; 9
5624 ; 10
6385 ; 8
7184 ; 2
9255 ; 2
9303 ; 1
182 ; 5
799 ; 1
1914 ; 6
3909 ; 8
3992 ; 8
7728 ; 4
8516 ; 3
9066 ; 3
183 ; 4
1348 ; 6
1853 ; 6
1932 ; 10
3299 ; 13
3628 ; 10
4214 ; 12
4349 ; 8
6237 ; 5
8398 ; 13
8713 ; 10
8746 ; 7
9493 ; 7
184 ; 3
488 ; 6
956 ; 11
1869 ; 1
2358 ; 13
2709 ; 9
2845 ; 4
3009 ; 6
5165 ; 1
5487 ; 14
5925 ; 2
6479 ; 10
6621 ; 4
6795 ; 8
8863 ; 1
9334 ; 12
988 ; 3
2515 ; 6
2726 ; 12
4532 ; 11
4736 ; 8
5262 ; 17
5632 ; 8
5920 ; 11
6035 ; 10
6760 ; 1
6951 ; 16
8081 ; 5
8352 ; 7
9697 ; 5
1483 ; 1
3282 ; 2
3641 ; 5
4375 ; 3
5323 ; 13
7485 ; 8
7868 ; 6
9291 ; 12
9308 ; 8
9794 ; 11
552 ; 7
1103 ; 11
1246 ; 12
1430 ; 8
1760 ; 11
2518 ; 12
3757 ; 13
4424 ; 11
4797 ; 12
5157 ; 6
5600 ; 9
6974 ; 3
7193 ; 4
7588 ; 3
8726 ; 7
8781 ; 12
9201 ; 3
188 ; 7
218 ; 6
1443 ; 3
1983 ; 6
2068 ; 9
3691 ; 2
3803 ; 6
6098 ; 3
6462 ; 2
7270 ; 9
7844 ; 5
7883 ; 9
9892 ; 1
189 ; 1
517 ; 3
891 ; 11
962 ; 3
1036 ; 4
1252 ; 13
1656 ; 10
2625 ; 9
3030 ; 13
3381 ; 6
4337 ; 4
5032 ; 6
6052 ; 9
6359 ; 4
6387 ; 8
6544 ; 13
6877 ; 5
7321 ; 10
8321 ; 11
8758 ; 6
8769 ; 3
8850 ; 3
9438 ; 6
9538 ; 11
9621 ; 8
190 ; 1
1644 ; 3
2591 ; 15
2761 ; 7
2788 ; 4
3078 ; 6
3646 ; 13
4197 ; 11
4381 ; 5
4514 ; 12
4675 ; 2
5279 ; 6
7469 ; 5
8029 ; 5
9188 ; 14
9381 ; 9
191 ; 10
219 ; 1
911 ; 3
2077 ; 6
3159 ; 9
4011 ; 13
4018 ; 4
5072 ; 5
6407 ; 6
6872 ; 2
7090 ; 6
7899 ; 1
8199 ; 5
9325 ; 4
9390 ; 6
192 ; 5
403 ; 3
486 ; 2
910 ; 7
1913 ; 8
2167 ; 4
2702 ; 10
2858 ; 2
3822 ; 2
3845 ; 12
4036 ; 1
5052 ; 8
5687 ; 12
5917 ; 4
6258 ; 14
7372 ; 3
521 ; 8
2083 ; 4
2268 ; 13
2313 ; 4
3754 ; 10
5084 ; 14
5256 ; 6
5553 ; 7
5611 ; 4
5922 ; 7
6127 ; 2
6496 ; 8
7124 ; 6
7814 ; 5
7826 ; 1
8265 ; 2
8432 ; 1
9970 ; 13
194 ; 5
1686 ; 6
2217 ; 4
2561 ; 12
2751 ; 11
3059 ; 2
3322 ; 13
3863 ; 9
6248 ; 7
6563 ; 15
7608 ; 3
7702 ; 6
8210 ; 3
8245 ; 9
8548 ; 2
9942 ; 11
195 ; 1
1256 ; 8
1479 ; 10
2372 ; 9
3584 ; 2
4453 ; 3
4773 ; 12
5756 ; 2
6971 ; 9
7120 ; 10
8644 ; 13
3045 ; 1
5691 ; 3
6131 ; 4
6511 ; 3
6517 ; 2
7211 ; 1
7301 ; 14
7784 ; 11
7786 ; 9
197 ; 14
815 ; 5
2063 ; 6
3978 ; 6
5473 ; 6
5626 ; 1
6288 ; 12
7756 ; 6
7922 ; 5
8083 ; 3
1128 ; 1
1166 ; 2
3138 ; 9
4544 ; 6
5580 ; 9
5805 ; 9
5831 ; 14
6044 ; 3
6967 ; 3
7543 ; 10
7918 ; 8
9212 ; 1
9348 ; 3
9435 ; 10
9589 ; 14
9966 ; 9
1030 ; 8
4728 ; 8
5027 ; 7
5047 ; 5
5133 ; 8
6356 ; 1
8015 ; 3
9646 ; 7
9797 ; 2
258 ; 12
269 ; 8
805 ; 7
927 ; 10
1610 ; 10
2410 ; 5
3108 ; 9
3350 ; 11
3484 ; 13
3505 ; 13
4687 ; 3
4764 ; 6
4778 ; 13
4976 ; 3
5373 ; 5
7726 ; 7
8063 ; 4
8109 ; 1
8922 ; 6
9529 ; 4
9792 ; 6
201 ; 11
451 ; 3
1662 ; 1
2440 ; 2
2820 ; 13
5029 ; 4
6882 ; 13
7409 ; 2
8289 ; 10
202 ; 2
330 ; 9
625 ; 3
752 ; 14
1424 ; 13
2831 ; 8
3049 ; 5
3585 ; 4
3669 ; 1
4329 ; 11
5114 ; 13
5456 ; 5
7706 ; 6
7871 ; 3
8458 ; 8
8771 ; 5
9550 ; 4
203 ; 8
254 ; 1
2990 ; 3
3062 ; 2
3914 ; 4
6802 ; 2
6832 ; 3
6982 ; 12
7829 ; 4
7949 ; 15
7957 ; 5
8080 ; 10
8355 ; 2
8364 ; 3
8938 ; 4
9093 ; 10
204 ; 3
504 ; 5
1838 ; 14
1889 ; 13
2067 ; 4
3519 ; 5
4251 ; 8
4793 ; 1
5079 ; 5
6107 ; 8
6987 ; 13
7622 ; 11
8064 ; 11
8188 ; 4
8204 ; 14
8374 ; 8
615 ; 1
746 ; 12
1757 ; 10
1881 ; 10
2293 ; 8
2754 ; 13
3239 ; 3
3783 ; 5
4929 ; 11
6985 ; 12
7222 ; 10
7302 ; 1
7891 ; 6
7997 ; 14
9139 ; 13
9389 ; 2
1149 ; 1
2628 ; 13
3497 ; 13
4242 ; 4
4647 ; 1
6724 ; 4
7707 ; 11
9186 ; 11
9374 ; 7
9914 ; 6
207 ; 3
211 ; 10
212 ; 8
1255 ; 4
1480 ; 2
2027 ; 14
2264 ; 12
2655 ; 4
3168 ; 5
3601 ; 8
3686 ; 5
6309 ; 5
6549 ; 5
6838 ; 5
7050 ; 12
8164 ; 1
2647 ; 12
3645 ; 11
5176 ; 9
5198 ; 7
5512 ; 10
5932 ; 9
6170 ; 1
6290 ; 2
6409 ; 8
6510 ; 12
6787 ; 4
8602 ; 2
8868 ; 5
9166 ; 3
9208 ; 11
9975 ; 11
2529 ; 2
2725 ; 6
2793 ; 10
3302 ; 2
3540 ; 12
4188 ; 15
4244 ; 15
4309 ; 14
5324 ; 3
5420 ; 2
6081 ; 3
7839 ; 9
7996 ; 4
9004 ; 10
9180 ; 5
9675 ; 14
210 ; 5
813 ; 10
1262 ; 4
1670 ; 8
2302 ; 3
3175 ; 4
3776 ; 11
5096 ; 11
5143 ; 3
5427 ; 7
5826 ; 9
6366 ; 3
6564 ; 9
7058 ; 7
8625 ; 4
9023 ; 2
9685 ; 3
857 ; 9
1942 ; 8
2126 ; 1
2129 ; 3
2132 ; 6
3174 ; 2
4120 ; 13
4221 ; 11
4286 ; 6
4543 ; 4
4987 ; 13
6183 ; 3
7552 ; 1
9079 ; 7
9183 ; 12
9461 ; 9
553 ; 3
1593 ; 6
2058 ; 9
3685 ; 7
4008 ; 9
5289 ; 5
6790 ; 3
9817 ; 6
9965 ; 6
213 ; 2
1154 ; 13
2922 ; 4
2983 ; 4
3044 ; 6
3176 ; 8
3948 ; 8
4343 ; 1
4760 ; 6
5486 ; 3
6048 ; 12
7123 ; 3
7440 ; 11
8655 ; 7
345 ; 10
595 ; 13
1606 ; 9
1812 ; 2
2222 ; 10
4615 ; 5
5302 ; 16
6099 ; 1
6151 ; 5
6609 ; 12
6717 ; 5
6902 ; 6
7649 ; 6
7977 ; 10
9019 ; 15
9211 ; 6
1449 ; 4
1453 ; 6
2008 ; 10
3662 ; 15
4115 ; 8
4427 ; 3
5266 ; 12
5384 ; 6
6159 ; 1
6706 ; 11
7686 ; 1
7936 ; 1
8050 ; 5
8534 ; 1
8822 ; 12
216 ; 15
411 ; 6
717 ; 1
986 ; 10
1996 ; 10
3021 ; 1
3247 ; 9
3535 ; 4
3838 ; 3
5815 ; 8
6836 ; 11
8373 ; 13
8802 ; 6
456 ; 3
531 ; 5
1493 ; 2
2733 ; 3
3532 ; 5
6716 ; 6
7100 ; 2
7500 ; 9
8120 ; 5
9002 ; 5
9851 ; 2
1216 ; 11
1270 ; 9
1306 ; 1
1391 ; 1
2438 ; 8
2525 ; 3
4972 ; 12
7443 ; 12
7958 ; 5
8495 ; 2
9013 ; 2
1108 ; 7
2458 ; 4
2571 ; 3
3973 ; 7
4026 ; 2
4130 ; 9
4294 ; 3
4674 ; 7
4776 ; 2
6778 ; 7
6950 ; 11
8536 ; 11
8687 ; 3
8962 ; 5
8992 ; 4
708 ; 12
1378 ; 1
1457 ; 6
1633 ; 10
2973 ; 1
3732 ; 2
4170 ; 8
4347 ; 6
4565 ; 9
6020 ; 12
6435 ; 1
7450 ; 11
8961 ; 14
439 ; 7
842 ; 9
2259 ; 4
3555 ; 4
3597 ; 9
5304 ; 15
6884 ; 3
249 ; 11
331 ; 6
931 ; 9
1017 ; 6
1413 ; 14
2161 ; 15
2783 ; 13
3605 ; 4
4704 ; 9
4706 ; 8
7106 ; 4
8278 ; 7
8648 ; 1
223 ; 12
268 ; 3
1187 ; 1
1309 ; 3
1312 ; 6
1985 ; 14
2219 ; 5
2243 ; 13
3353 ; 2
3550 ; 13
5921 ; 4
6644 ; 4
7099 ; 4
224 ; 8
1405 ; 7
1697 ; 4
1816 ; 5
2000 ; 6
2005 ; 1
2435 ; 2
2764 ; 2
3130 ; 7
5496 ; 7
225 ; 11
356 ; 7
2097 ; 5
2151 ; 10
2205 ; 2
6046 ; 9
7357 ; 3
8350 ; 1
8631 ; 13
8995 ; 2
226 ; 8
1786 ; 1
4042 ; 2
4573 ; 2
7329 ; 3
7775 ; 6
8149 ; 2
227 ; 6
1133 ; 5
1240 ; 5
2254 ; 3
3342 ; 3
4432 ; 3
5444 ; 2
5678 ; 9
5838 ; 14
6045 ; 7
7046 ; 5
9593 ; 14
228 ; 8
469 ; 5
1675 ; 1
2816 ; 7
3356 ; 6
3463 ; 14
3895 ; 7
4157 ; 6
4919 ; 11
6041 ; 15
6125 ; 6
7314 ; 1
8615 ; 3
8829 ; 4
9500 ; 9
9725 ; 5
298 ; 6
4481 ; 11
4986 ; 2
5432 ; 1
6346 ; 7
6588 ; 10
6617 ; 8
6709 ; 2
6803 ; 5
230 ; 5
244 ; 8
654 ; 6
1460 ; 8
1571 ; 9
2310 ; 3
2757 ; 7
2875 ; 6
2910 ; 3
3100 ; 6
3161 ; 1
4033 ; 14
4160 ; 9
4184 ; 10
4263 ; 10
4439 ; 6
5554 ; 12
6278 ; 3
6965 ; 8
8613 ; 7
9640 ; 10
9838 ; 2
1563 ; 1
2742 ; 8
3139 ; 4
4096 ; 4
5226 ; 8
5502 ; 1
5888 ; 1
6049 ; 12
6298 ; 13
6314 ; 5
6582 ; 4
7144 ; 12
7380 ; 7
9128 ; 2
232 ; 7
545 ; 3
1546 ; 1
1952 ; 1
1981 ; 6
5235 ; 5
5740 ; 2
7359 ; 2
7486 ; 4
233 ; 11
798 ; 6
830 ; 8
1218 ; 7
1745 ; 5
3406 ; 13
3752 ; 8
3988 ; 6
4602 ; 3
4784 ; 13
5603 ; 4
6080 ; 4
6293 ; 2
6672 ; 3
7870 ; 12
234 ; 1
509 ; 2
1177 ; 11
1384 ; 15
2494 ; 5
4332 ; 10
4467 ; 2
5586 ; 6
5752 ; 9
6021 ; 2
7311 ; 13
8939 ; 13
9521 ; 2
9530 ; 7
9983 ; 4
235 ; 5
2121 ; 9
2269 ; 7
2658 ; 8
2965 ; 2
3925 ; 11
4789 ; 16
6851 ; 1
8977 ; 13
236 ; 14
3851 ; 8
3965 ; 8
4067 ; 7
4853 ; 11
6763 ; 10
8784 ; 2
8828 ; 10
8834 ; 6
9647 ; 1
9743 ; 5
237 ; 8
410 ; 3
2352 ; 12
2542 ; 9
2743 ; 5
2770 ; 10
4623 ; 7
4914 ; 6
4950 ; 1
4953 ; 10
5081 ; 6
6689 ; 11
7747 ; 4
8787 ; 7
9053 ; 5
9266 ; 10
9540 ; 5
238 ; 8
885 ; 6
934 ; 3
1305 ; 5
2295 ; 2
2901 ; 13
3116 ; 11
3486 ; 1
4479 ; 10
239 ; 11
1116 ; 5
1158 ; 3
1477 ; 8
1648 ; 5
2918 ; 9
3928 ; 5
6719 ; 13
6819 ; 4
6822 ; 4
8369 ; 1
9424 ; 1
694 ; 11
1110 ; 6
1162 ; 10
1923 ; 8
1963 ; 10
2253 ; 3
2416 ; 9
3440 ; 7
5983 ; 2
6292 ; 14
6602 ; 13
6745 ; 7
7154 ; 1
7699 ; 10
7833 ; 10
8161 ; 1
8968 ; 10
8986 ; 14
9143 ; 13
9463 ; 8
241 ; 6
459 ; 3
612 ; 9
3277 ; 2
3995 ; 12
4111 ; 14
4462 ; 8
5315 ; 3
5369 ; 2
6841 ; 10
7368 ; 2
7677 ; 8
8059 ; 14
8449 ; 2
8999 ; 3
9945 ; 9
242 ; 2
321 ; 15
1828 ; 10
4069 ; 6
4886 ; 12
6499 ; 11
7502 ; 6
8777 ; 3
9962 ; 7
1550 ; 1
1895 ; 2
2015 ; 12
5097 ; 10
7378 ; 7
8135 ; 6
9046 ; 5
9163 ; 9
9494 ; 7
9960 ; 6
3126 ; 5
3449 ; 11
3981 ; 11
6871 ; 5
7508 ; 1
8624 ; 6
245 ; 3
5668 ; 6
6315 ; 7
7714 ; 2
7802 ; 4
9190 ; 5
9810 ; 10
672 ; 1
2957 ; 1
2997 ; 2
3349 ; 4
4749 ; 7
5388 ; 5
6850 ; 10
7185 ; 7
7540 ; 1
8093 ; 7
1269 ; 4
1402 ; 11
3401 ; 8
3515 ; 2
3918 ; 9
4231 ; 13
5635 ; 11
6411 ; 9
7102 ; 9
7801 ; 3
7856 ; 16
7947 ; 7
8532 ; 6
9667 ; 6
248 ; 1
861 ; 3
1989 ; 9
2842 ; 9
3056 ; 7
3287 ; 8
3656 ; 15
3829 ; 8
4420 ; 4
4909 ; 14
5528 ; 4
5588 ; 12
8396 ; 8
8592 ; 9
9554 ; 6
9868 ; 6
9881 ; 3
883 ; 3
1709 ; 2
2029 ; 1
3739 ; 1
4473 ; 2
6414 ; 6
6583 ; 4
9462 ; 12
250 ; 6
408 ; 5
780 ; 3
800 ; 5
1071 ; 7
3890 ; 8
5106 ; 1
6104 ; 8
6584 ; 8
7550 ; 10
9123 ; 10
9251 ; 15
9991 ; 12
968 ; 3
1511 ; 10
2758 ; 6
3194 ; 9
3329 ; 3
5120 ; 6
5946 ; 9
7838 ; 8
8150 ; 13
8542 ; 5
8866 ; 10
9263 ; 9
252 ; 1
363 ; 2
837 ; 11
1135 ; 10
2970 ; 2
3334 ; 13
4807 ; 6
4899 ; 4
5783 ; 16
7204 ; 2
8973 ; 5
9039 ; 11
9399 ; 9
9499 ; 7
1971 ; 6
2593 ; 3
3047 ; 10
3592 ; 13
5110 ; 9
5144 ; 10
5327 ; 2
6561 ; 2
7626 ; 11
8233 ; 11
9474 ; 9
9665 ; 13
2163 ; 10
3425 ; 8
3490 ; 7
3827 ; 4
4017 ; 7
4682 ; 7
5919 ; 12
6269 ; 4
6367 ; 10
6631 ; 8
6725 ; 5
7091 ; 2
7169 ; 6
7212 ; 7
7834 ; 4
7931 ; 6
9016 ; 3
9890 ; 4
255 ; 2
1902 ; 4
2004 ; 16
2670 ; 6
4678 ; 4
4842 ; 9
5273 ; 6
5599 ; 10
6205 ; 11
6738 ; 1
6826 ; 6
7390 ; 6
8519 ; 7
3227 ; 10
5515 ; 4
5718 ; 2
6979 ; 2
8639 ; 3
9250 ; 11
257 ; 12
436 ; 1
668 ; 2
811 ; 14
4007 ; 5
5040 ; 13
6793 ; 1
7206 ; 2
8284 ; 1
8791 ; 14
9547 ; 5
9768 ; 6
863 ; 5
1826 ; 6
2042 ; 3
2189 ; 4
2913 ; 14
3197 ; 1
3982 ; 10
4249 ; 8
5667 ; 15
6161 ; 10
6855 ; 8
7216 ; 9
1515 ; 7
2098 ; 9
2327 ; 13
3213 ; 1
4860 ; 10
6072 ; 7
6357 ; 1
7077 ; 10
7704 ; 4
7900 ; 14
7962 ; 3
8727 ; 7
9317 ; 4
751 ; 11
2426 ; 2
2851 ; 9
3960 ; 13
4287 ; 10
6594 ; 13
6860 ; 5
7376 ; 5
7501 ; 11
261 ; 7
3229 ; 5
3269 ; 15
3352 ; 11
5204 ; 2
6216 ; 13
8154 ; 1
9007 ; 6
9394 ; 1
9765 ; 5
850 ; 4
1500 ; 6
1542 ; 3
3887 ; 6
4830 ; 2
4949 ; 11
5806 ; 7
6907 ; 2
6953 ; 12
6956 ; 10
7920 ; 4
8341 ; 8
8485 ; 5
9270 ; 2
9948 ; 4
263 ; 5
1334 ; 11
1707 ; 15
5947 ; 6
6070 ; 10
7664 ; 10
7971 ; 3
8299 ; 10
9718 ; 2
660 ; 4
2937 ; 9
3748 ; 16
5350 ; 2
5759 ; 3
6034 ; 8
7361 ; 5
7668 ; 9
7796 ; 4
8259 ; 10
265 ; 6
402 ; 12
866 ; 15
1276 ; 10
1761 ; 9
3060 ; 10
3380 ; 3
5739 ; 3
8225 ; 3
8606 ; 13
8666 ; 8
8920 ; 1
9906 ; 3
266 ; 1
1387 ; 6
2401 ; 4
4826 ; 13
8912 ; 11
267 ; 4
1531 ; 10
2714 ; 1
2737 ; 5
2777 ; 11
2920 ; 3
3400 ; 7
3956 ; 1
4874 ; 5
5704 ; 10
6503 ; 12
7049 ; 7
8163 ; 10
9625 ; 5
9630 ; 1
1319 ; 1
1433 ; 5
2581 ; 4
2718 ; 8
3511 ; 2
3801 ; 1
4206 ; 5
6344 ; 5
6989 ; 2
7145 ; 1
7910 ; 12
8112 ; 5
9210 ; 7
880 ; 1
2009 ; 5
3155 ; 1
4174 ; 7
4450 ; 7
4469 ; 9
5000 ; 6
5186 ; 10
5238 ; 5
5839 ; 9
7436 ; 9
7666 ; 2
9271 ; 10
9608 ; 9
270 ; 12
3036 ; 8
5463 ; 7
6483 ; 2
6929 ; 15
8383 ; 8
8572 ; 10
271 ; 11
2344 ; 3
2360 ; 12
4293 ; 7
5799 ; 1
6666 ; 7
7231 ; 1
9772 ; 14
9909 ; 2
272 ; 3
346 ; 10
1042 ; 12
1176 ; 11
1314 ; 5
1456 ; 1
3249 ; 11
5239 ; 13
5525 ; 14
6520 ; 2
6699 ; 4
6714 ; 9
7277 ; 6
7529 ; 1
7934 ; 9
8365 ; 11
9941 ; 2
273 ; 12
1257 ; 14
1882 ; 3
2170 ; 13
4566 ; 8
4846 ; 8
5685 ; 5
5846 ; 14
7285 ; 13
274 ; 2
1827 ; 13
3225 ; 9
3238 ; 1
3372 ; 10
3908 ; 9
5331 ; 6
6840 ; 12
7245 ; 7
7401 ; 11
7818 ; 1
8085 ; 11
9081 ; 5
9264 ; 5
9490 ; 6
9570 ; 12
275 ; 10
601 ; 11
627 ; 1
3001 ; 1
3292 ; 1
4486 ; 14
6933 ; 6
8363 ; 11
9440 ; 11
9740 ; 9
9750 ; 9
1046 ; 5
2078 ; 8
2727 ; 8
2866 ; 13
3468 ; 6
5936 ; 6
6623 ; 4
7342 ; 12
7494 ; 2
7520 ; 6
8273 ; 7
8502 ; 2
9433 ; 12
9641 ; 11
5575 ; 1
5747 ; 5
6552 ; 10
7327 ; 2
7623 ; 4
7956 ; 7
377 ; 1
916 ; 2
1196 ; 1
3131 ; 3
3404 ; 3
3951 ; 13
5987 ; 8
8950 ; 1
695 ; 3
1544 ; 8
1568 ; 7
2574 ; 8
2766 ; 2
2791 ; 12
3696 ; 5
4844 ; 5
5153 ; 5
5355 ; 7
8345 ; 2
9151 ; 2
9676 ; 8
9972 ; 4
280 ; 7
1359 ; 4
2089 ; 9
2620 ; 10
6809 ; 3
8617 ; 8
9969 ; 13
1862 ; 5
3355 ; 11
4875 ; 11
5560 ; 3
7843 ; 3
8577 ; 9
282 ; 4
340 ; 2
2427 ; 2
2938 ; 3
3218 ; 9
4716 ; 1
4900 ; 3
5183 ; 8
5726 ; 6
5820 ; 3
8028 ; 6
8391 ; 9
8621 ; 7
9567 ; 1
575 ; 1
901 ; 7
3414 ; 11
3629 ; 3
4350 ; 8
4461 ; 4
5997 ; 8
7452 ; 10
8195 ; 11
9350 ; 5
9859 ; 2
933 ; 2
1388 ; 4
1772 ; 4
4437 ; 3
4885 ; 4
4992 ; 10
5933 ; 14
6002 ; 12
6876 ; 1
7065 ; 8
7660 ; 5
8632 ; 1
864 ; 4
3805 ; 8
4013 ; 5
4536 ; 3
5187 ; 9
5460 ; 8
7033 ; 1
7101 ; 8
7472 ; 7
8975 ; 3
9574 ; 11
286 ; 5
399 ; 7
1194 ; 11
1690 ; 8
4621 ; 11
5291 ; 14
5679 ; 2
6322 ; 4
7415 ; 7
8982 ; 9
1722 ; 2
2158 ; 5
3192 ; 6
3570 ; 2
5948 ; 1
6570 ; 1
7117 ; 13
7250 ; 5
7713 ; 8
7988 ; 14
9755 ; 8
288 ; 5
3343 ; 6
6915 ; 3
7710 ; 2
8053 ; 1
8254 ; 7
289 ; 5
792 ; 1
6137 ; 6
6146 ; 14
6482 ; 14
7763 ; 1
704 ; 9
1806 ; 4
1877 ; 9
3472 ; 1
5816 ; 10
7911 ; 12
8522 ; 6
8619 ; 13
8783 ; 11
9601 ; 1
291 ; 3
1049 ; 7
1058 ; 4
1152 ; 8
1758 ; 5
2201 ; 5
3297 ; 7
4073 ; 1
5170 ; 11
5880 ; 9
6190 ; 5
7298 ; 5
7970 ; 6
8966 ; 9
9418 ; 1
9542 ; 10
1073 ; 7
1182 ; 8
1331 ; 1
1667 ; 1
2018 ; 9
2592 ; 9
3784 ; 5
3922 ; 7
5865 ; 9
6675 ; 13
7267 ; 4
7861 ; 6
8007 ; 4
9063 ; 7
333 ; 6
1096 ; 4
2961 ; 2
3972 ; 9
3976 ; 10
4488 ; 2
5299 ; 9
5436 ; 10
5994 ; 3
6889 ; 13
294 ; 5
673 ; 4
2434 ; 2
2573 ; 10
2987 ; 6
3295 ; 15
5642 ; 3
5996 ; 2
6548 ; 13
7975 ; 7
764 ; 3
2936 ; 12
3971 ; 13
4257 ; 11
5026 ; 6
5488 ; 9
5619 ; 13
6391 ; 11
6909 ; 4
7195 ; 2
8026 ; 5
9373 ; 14
296 ; 5
1788 ; 13
2952 ; 12
3071 ; 4
3393 ; 10
4970 ; 4
6705 ; 7
8330 ; 11
8937 ; 1
9315 ; 15
297 ; 8
1980 ; 10
3221 ; 5
3396 ; 12
3411 ; 2
4133 ; 5
4388 ; 10
5245 ; 7
6270 ; 2
6464 ; 4
7148 ; 4
7205 ; 10
8599 ; 3
8715 ; 2
8733 ; 4
9619 ; 5
9946 ; 1
1470 ; 10
2021 ; 2
3473 ; 1
3959 ; 8
7177 ; 8
7365 ; 14
7521 ; 10
8359 ; 2
299 ; 6
682 ; 13
1451 ; 8
1714 ; 1
3509 ; 9
4064 ; 14
5269 ; 9
6058 ; 10
7095 ; 3
7370 ; 10
7506 ; 14
8055 ; 3
8173 ; 10
8561 ; 4
8964 ; 2
9835 ; 2
300 ; 13
1664 ; 1
2131 ; 1
2404 ; 4
3727 ; 3
4521 ; 10
5430 ; 3
5471 ; 2
6062 ; 2
6692 ; 6
7648 ; 9
8042 ; 6
9366 ; 12
538 ; 10
3709 ; 13
3900 ; 5
4278 ; 6
6712 ; 4
9287 ; 6
9847 ; 7
738 ; 9
1175 ; 10
2841 ; 12
3267 ; 9
3561 ; 10
8890 ; 5
9734 ; 3
536 ; 9
557 ; 5
737 ; 15
1189 ; 5
1272 ; 4
1901 ; 5
2523 ; 15
2744 ; 8
3528 ; 4
3529 ; 10
3707 ; 3
4155 ; 8
7178 ; 11
1586 ; 8
2610 ; 1
4460 ; 7
5138 ; 2
7771 ; 8
8926 ; 2
8941 ; 5
9249 ; 5
305 ; 3
332 ; 6
1048 ; 8
2330 ; 2
2674 ; 6
4028 ; 10
5724 ; 8
5851 ; 2
6213 ; 7
6375 ; 8
7306 ; 5
7761 ; 1
7764 ; 12
8753 ; 11
306 ; 9
932 ; 2
1398 ; 6
2790 ; 2
3930 ; 5
4920 ; 5
7258 ; 7
8303 ; 10
8949 ; 6
9454 ; 11
307 ; 11
351 ; 9
969 ; 9
2715 ; 8
2879 ; 8
2886 ; 5
3177 ; 6
3744 ; 5
4606 ; 1
4856 ; 8
5250 ; 10
6422 ; 13
6567 ; 2
8051 ; 14
9735 ; 6
308 ; 11
1102 ; 5
1753 ; 4
3179 ; 4
4561 ; 8
4577 ; 7
5326 ; 3
5697 ; 10
6453 ; 12
7130 ; 2
7986 ; 5
8008 ; 2
8251 ; 3
9076 ; 8
309 ; 8
314 ; 12
374 ; 2
678 ; 6
753 ; 6
1219 ; 10
2958 ; 6
4417 ; 2
5469 ; 3
8703 ; 10
8757 ; 10
1129 ; 14
1609 ; 9
1637 ; 3
1905 ; 10
4151 ; 5
4310 ; 4
4313 ; 1
7553 ; 3
8550 ; 4
9045 ; 9
1361 ; 1
2881 ; 1
7105 ; 9
7687 ; 15
7780 ; 9
8141 ; 6
8295 ; 2
8780 ; 7
9306 ; 11
9582 ; 9
325 ; 10
829 ; 6
1591 ; 7
2843 ; 7
3005 ; 5
3137 ; 9
3481 ; 5
3991 ; 3
4895 ; 3
5382 ; 4
5530 ; 3
5765 ; 10
6267 ; 3
8313 ; 14
8476 ; 5
9338 ; 4
1715 ; 5
1984 ; 2
2636 ; 3
3455 ; 1
5804 ; 2
9231 ; 1
501 ; 6
2908 ; 14
4997 ; 5
5160 ; 1
6747 ; 9
9611 ; 2
9818 ; 3
9955 ; 1
437 ; 3
1137 ; 4
1266 ; 10
2046 ; 8
4859 ; 6
4878 ; 7
5904 ; 6
5988 ; 14
6587 ; 12
8721 ; 2
8750 ; 6
8899 ; 13
9398 ; 3
316 ; 5
3265 ; 9
4088 ; 6
5972 ; 4
6485 ; 10
6636 ; 9
8830 ; 4
9030 ; 6
317 ; 7
367 ; 2
876 ; 3
997 ; 9
2549 ; 11
2639 ; 5
5750 ; 3
7031 ; 11
7358 ; 10
7402 ; 11
7643 ; 12
8023 ; 2
9014 ; 14
318 ; 7
1019 ; 8
1659 ; 10
7192 ; 11
7514 ; 11
7746 ; 10
9525 ; 10
9896 ; 1
1799 ; 5
2152 ; 9
2321 ; 4
2444 ; 6
3512 ; 4
3633 ; 9
4742 ; 1
8493 ; 7
320 ; 7
860 ; 15
3087 ; 13
3248 ; 12
3271 ; 13
5392 ; 5
5522 ; 3
5829 ; 10
7103 ; 4
9254 ; 8
1878 ; 9
4390 ; 10
6741 ; 4
7519 ; 12
7554 ; 3
322 ; 8
1919 ; 2
2123 ; 9
2398 ; 6
2526 ; 13
3391 ; 3
5215 ; 3
7869 ; 7
8875 ; 5
915 ; 6
1552 ; 9
2316 ; 11
2827 ; 1
3619 ; 10
3933 ; 7
4235 ; 8
4945 ; 15
6303 ; 7
6319 ; 4
6926 ; 6
6947 ; 12
8107 ; 2
9229 ; 2
9359 ; 6
9813 ; 9
324 ; 16
2778 ; 5
4910 ; 4
5974 ; 7
6821 ; 10
7281 ; 8
8307 ; 11
8566 ; 13
9808 ; 3
855 ; 5
1537 ; 6
1554 ; 14
3825 ; 7
4585 ; 13
4951 ; 9
5582 ; 3
6925 ; 13
7680 ; 6
9874 ; 5
326 ; 6
2115 ; 4
2138 ; 10
2673 ; 9
2728 ; 9
5098 ; 8
6415 ; 3
6744 ; 11
7092 ; 5
7264 ; 2
7723 ; 8
8248 ; 12
8477 ; 2
8605 ; 11
9444 ; 4
327 ; 1
632 ; 12
1015 ; 9
1286 ; 7
2141 ; 5
2323 ; 5
2464 ; 6
2906 ; 10
4915 ; 9
5692 ; 16
5796 ; 5
7182 ; 3
7289 ; 4
9018 ; 2
9722 ; 13
328 ; 11
400 ; 7
4733 ; 12
5780 ; 8
6439 ; 9
6853 ; 4
7276 ; 9
9950 ; 2
329 ; 2
2752 ; 5
3184 ; 10
5872 ; 4
6179 ; 8
6437 ; 13
6842 ; 4
8459 ; 6
8814 ; 1
9572 ; 5
9855 ; 5
1730 ; 2
1917 ; 2
2001 ; 8
3471 ; 2
5203 ; 12
7743 ; 3
7811 ; 4
7921 ; 7
7952 ; 13
8651 ; 5
8865 ; 3
8901 ; 10
849 ; 13
2139 ; 1
3208 ; 10
3898 ; 8
5741 ; 11
6651 ; 14
7333 ; 4
7574 ; 5
8282 ; 5
9410 ; 11
2912 ; 2
4959 ; 5
5086 ; 1
6612 ; 12
6973 ; 9
9443 ; 11
9587 ; 2
432 ; 9
856 ; 7
2661 ; 8
6092 ; 12
6913 ; 4
7901 ; 5
8317 ; 4
334 ; 1
1492 ; 5
1740 ; 7
4009 ; 2
5343 ; 12
6431 ; 8
7034 ; 4
7127 ; 12
9866 ; 9
564 ; 4
1215 ; 12
1605 ; 8
2539 ; 8
3042 ; 9
4074 ; 7
7432 ; 4
7760 ; 6
8184 ; 5
9919 ; 15
336 ; 11
2232 ; 10
2406 ; 7
5371 ; 5
824 ; 5
1061 ; 11
1352 ; 11
1462 ; 8
1564 ; 5
1836 ; 4
2212 ; 1
3052 ; 10
7175 ; 11
8336 ; 13
8467 ; 5
8607 ; 1
1860 ; 3
1959 ; 13
5270 ; 4
5790 ; 2
6123 ; 2
6737 ; 12
7974 ; 13
9109 ; 5
9575 ; 2
9850 ; 14
9993 ; 9
339 ; 3
2355 ; 10
2914 ; 11
3070 ; 5
4072 ; 8
5293 ; 8
5953 ; 11
6306 ; 9
6983 ; 12
7064 ; 7
353 ; 8
2749 ; 6
3458 ; 13
3501 ; 9
4464 ; 4
4545 ; 6
4659 ; 4
5657 ; 9
6713 ; 8
8196 ; 16
8694 ; 7
9005 ; 11
341 ; 12
1151 ; 4
1628 ; 10
2466 ; 4
5124 ; 3
6981 ; 7
7827 ; 4
8698 ; 5
9011 ; 11
9077 ; 3
9877 ; 6
9889 ; 14
342 ; 9
1188 ; 7
2431 ; 12
6112 ; 5
9237 ; 12
343 ; 6
937 ; 7
1303 ; 3
2118 ; 9
2449 ; 11
4396 ; 7
7940 ; 14
8388 ; 2
8501 ; 15
9770 ; 8
1231 ; 5
2013 ; 10
2030 ; 5
4144 ; 15
6316 ; 3
8839 ; 2
980 ; 12
1647 ; 4
2929 ; 8
3469 ; 4
4037 ; 9
4589 ; 1
5310 ; 2
8670 ; 9
9217 ; 8
2948 ; 3
4713 ; 8
4866 ; 2
5597 ; 1
7214 ; 8
7672 ; 8
8454 ; 12
9375 ; 6
9560 ; 6
1705 ; 7
2534 ; 11
4411 ; 2
5730 ; 7
5850 ; 11
7259 ; 8
7876 ; 16
348 ; 13
3276 ; 5
3506 ; 6
6771 ; 3
8586 ; 4
349 ; 3
4043 ; 5
6508 ; 8
7086 ; 1
7241 ; 14
9819 ; 2
350 ; 2
406 ; 3
1504 ; 4
1718 ; 12
2414 ; 14
2712 ; 11
3359 ; 6
4137 ; 3
4595 ; 11
4819 ; 1
4925 ; 3
4966 ; 4
6173 ; 7
6329 ; 13
6363 ; 13
6531 ; 5
6879 ; 9
1325 ; 13
1539 ; 11
2047 ; 2
4560 ; 13
4884 ; 2
5421 ; 4
6486 ; 1
7565 ; 3
7741 ; 11
8198 ; 11
507 ; 12
1024 ; 15
1846 ; 4
4260 ; 12
4394 ; 4
4604 ; 10
6286 ; 6
9607 ; 4
690 ; 10
919 ; 11
2043 ; 5
2723 ; 5
3008 ; 13
3496 ; 1
4196 ; 5
4876 ; 5
5751 ; 11
7325 ; 3
9162 ; 11
587 ; 11
3182 ; 9
4808 ; 7
4964 ; 5
5066 ; 2
5220 ; 7
5906 ; 1
5940 ; 4
6102 ; 7
8118 ; 11
917 ; 4
1174 ; 1
1351 ; 7
3957 ; 6
4590 ; 7
5246 ; 2
6524 ; 2
6866 ; 9
7721 ; 1
9044 ; 3
364 ; 11
1484 ; 1
5075 ; 4
7153 ; 2
7446 ; 8
8539 ; 3
357 ; 8
1472 ; 4
2612 ; 10
3781 ; 4
5671 ; 1
7334 ; 12
7532 ; 2
8447 ; 12
9226 ; 6
2146 ; 1
3453 ; 13
4218 ; 10
5044 ; 2
6038 ; 7
8327 ; 4
359 ; 11
2835 ; 12
2905 ; 14
3033 ; 5
3502 ; 1
4050 ; 9
5535 ; 8
6053 ; 16
6668 ; 9
6934 ; 1
9804 ; 5
360 ; 9
2621 ; 6
3390 ; 12
4107 ; 7
5376 ; 10
5609 ; 13
5900 ; 8
6003 ; 8
6063 ; 1
6605 ; 7
7367 ; 6
7787 ; 10
2336 ; 5
2885 ; 8
3376 ; 9
4228 ; 11
5182 ; 4
5591 ; 4
5772 ; 2
6154 ; 8
6952 ; 1
7594 ; 7
9253 ; 13
362 ; 9
460 ; 2
953 ; 7
1330 ; 1
1711 ; 5
1844 ; 10
2025 ; 8
3328 ; 7
3719 ; 3
4798 ; 10
5201 ; 7
5329 ; 8
8441 ; 8
8879 ; 7
8889 ; 7
939 ; 4
2669 ; 8
3726 ; 9
3819 ; 1
5534 ; 10
6042 ; 15
6312 ; 9
1074 ; 8
2280 ; 16
2926 ; 2
6886 ; 2
9117 ; 12
9623 ; 7
765 ; 6
1193 ; 5
1220 ; 2
2864 ; 10
3114 ; 11
3938 ; 5
4730 ; 5
6541 ; 5
7062 ; 1
7905 ; 12
366 ; 10
1081 ; 3
2299 ; 12
2363 ; 5
4038 ; 11
4254 ; 1
4303 ; 5
6986 ; 5
6994 ; 9
7229 ; 3
8244 ; 5
8558 ; 4
9141 ; 9
2981 ; 13
7373 ; 6
7712 ; 11
8717 ; 3
368 ; 5
1025 ; 1
1221 ; 4
1237 ; 12
1781 ; 1
4677 ; 2
6774 ; 6
7190 ; 13
7697 ; 7
8127 ; 3
8201 ; 13
9553 ; 7
369 ; 5
550 ; 8
1810 ; 8
2984 ; 14
3093 ; 10
3320 ; 7
3544 ; 11
4232 ; 12
4443 ; 10
5074 ; 10
5082 ; 1
5281 ; 8
5345 ; 2
5873 ; 1
6577 ; 12
6645 ; 7
9261 ; 8
370 ; 14
2211 ; 13
2384 ; 12
3876 ; 7
6818 ; 1
8628 ; 8
8882 ; 1
9147 ; 7
9917 ; 9
371 ; 1
741 ; 2
1921 ; 2
2120 ; 12
2735 ; 15
3796 ; 13
4065 ; 7
7067 ; 9
7332 ; 9
7821 ; 5
9828 ; 10
1350 ; 10
3977 ; 1
7878 ; 2
373 ; 3
490 ; 7
1014 ; 8
1259 ; 4
4016 ; 16
5864 ; 5
7353 ; 11
7615 ; 14
8232 ; 4
8562 ; 6
9603 ; 7
502 ; 12
1013 ; 13
1202 ; 1
3212 ; 12
3725 ; 7
4200 ; 7
4643 ; 8
5004 ; 4
5742 ; 10
8468 ; 6
9248 ; 6
420 ; 8
622 ; 8
732 ; 5
1534 ; 11
2177 ; 9
2855 ; 1
4283 ; 6
4680 ; 1
5146 ; 6
6260 ; 15
7240 ; 4
967 ; 3
1418 ; 5
3066 ; 3
4407 ; 10
7688 ; 5
8867 ; 5
424 ; 7
614 ; 9
965 ; 9
1285 ; 2
1376 ; 9
1854 ; 8
2245 ; 10
2441 ; 14
2455 ; 6
3223 ; 7
3516 ; 7
7567 ; 5
8487 ; 7
8709 ; 11
8894 ; 7
9766 ; 6
378 ; 8
1117 ; 1
1944 ; 14
2176 ; 14
3104 ; 6
3125 ; 2
4918 ; 4
5700 ; 4
7888 ; 4
8387 ; 4
9021 ; 14
9756 ; 6
1381 ; 6
1935 ; 11
2011 ; 5
2802 ; 8
4815 ; 11
5646 ; 8
5738 ; 9
5970 ; 1
6680 ; 5
7489 ; 3
9425 ; 5
9854 ; 16
380 ; 11
3120 ; 1
3448 ; 8
3513 ; 8
5698 ; 13
5807 ; 2
5813 ; 9
5966 ; 9
9124 ; 7
381 ; 9
384 ; 10
744 ; 4
2601 ; 3
4241 ; 1
4882 ; 11
5145 ; 8
6875 ; 11
6905 ; 12
8082 ; 6
8274 ; 3
8679 ; 5
9654 ; 5
382 ; 9
1119 ; 5
2356 ; 5
3487 ; 12
3798 ; 4
3879 ; 11
4790 ; 2
4836 ; 6
6200 ; 15
6640 ; 2
7924 ; 13
9288 ; 2
383 ; 9
1972 ; 8
3624 ; 1
3954 ; 15
4261 ; 10
4944 ; 1
5749 ; 8
9242 ; 14
9873 ; 4
1746 ; 3
2003 ; 11
2420 ; 15
4658 ; 15
5405 ; 3
7110 ; 5
7685 ; 1
8202 ; 1
8290 ; 7
385 ; 3
597 ; 2
742 ; 11
1063 ; 11
1283 ; 6
1962 ; 6
2325 ; 1
3852 ; 11
4510 ; 4
7919 ; 4
9282 ; 8
386 ; 5
2169 ; 7
3559 ; 12
3969 ; 6
9165 ; 9
683 ; 8
1213 ; 10
2022 ; 2
2255 ; 2
2418 ; 14
3167 ; 5
3308 ; 1
4455 ; 11
5425 ; 1
6263 ; 4
388 ; 10
2184 ; 16
5766 ; 3
6920 ; 3
7441 ; 8
7959 ; 14
8774 ; 13
8838 ; 1
9035 ; 6
9916 ; 6
1945 ; 6
4392 ; 11
5038 ; 5
8934 ; 9
9032 ; 9
9964 ; 3
390 ; 15
4738 ; 4
5049 ; 2
6405 ; 7
3188 ; 10
4191 ; 9
4779 ; 13
5761 ; 3
6578 ; 7
9293 ; 3
9839 ; 13
706 ; 7
1087 ; 4
4833 ; 3
7700 ; 3
8152 ; 4
8335 ; 4
9216 ; 12
9492 ; 12
755 ; 10
3441 ; 14
4457 ; 2
6184 ; 1
6844 ; 4
8426 ; 2
9362 ; 1
9947 ; 1
394 ; 2
943 ; 4
2111 ; 4
2544 ; 1
2605 ; 12
2950 ; 5
4801 ; 6
7733 ; 1
8205 ; 5
8212 ; 6
9102 ; 8
395 ; 2
2028 ; 8
2470 ; 4
3718 ; 5
5221 ; 5
7864 ; 12
8904 ; 9
772 ; 9
1141 ; 9
3565 ; 12
4652 ; 8
5017 ; 11
6642 ; 8
6735 ; 10
6754 ; 4
7481 ; 15
9276 ; 4
9856 ; 12
9883 ; 1
733 ; 9
1362 ; 11
2165 ; 5
3336 ; 5
4956 ; 4
5769 ; 5
5866 ; 2
6751 ; 2
7460 ; 5
8144 ; 1
8751 ; 1
9532 ; 7
9552 ; 6
398 ; 8
6858 ; 1
6921 ; 1
7360 ; 12
7397 ; 6
7587 ; 9
7998 ; 11
8384 ; 10
9457 ; 11
1452 ; 11
1666 ; 4
2880 ; 4
2892 ; 6
3593 ; 9
5406 ; 11
5447 ; 2
6202 ; 1
7477 ; 10
8635 ; 10
8636 ; 8
9048 ; 3
2684 ; 10
3206 ; 4
3667 ; 14
4695 ; 10
5500 ; 13
5616 ; 9
7708 ; 6
401 ; 1
470 ; 4
481 ; 8
1416 ; 11
1830 ; 10
2545 ; 6
2815 ; 8
3035 ; 4
3258 ; 5
5364 ; 4
5547 ; 4
6492 ; 2
8061 ; 4
8657 ; 7
9333 ; 3
9910 ; 3
777 ; 11
1848 ; 10
2284 ; 4
2315 ; 4
3427 ; 3
7614 ; 3
7854 ; 5
8808 ; 1
5823 ; 1
5857 ; 2
6679 ; 9
7458 ; 11
7470 ; 5
8609 ; 2
9865 ; 2
404 ; 5
750 ; 12
1744 ; 1
1804 ; 11
3261 ; 1
3424 ; 4
5566 ; 1
5853 ; 1
7979 ; 8
9335 ; 6
405 ; 1
2424 ; 15
2433 ; 3
4097 ; 7
5077 ; 5
5923 ; 11
6419 ; 12
7607 ; 11
7616 ; 3
8192 ; 8
8504 ; 5
9305 ; 5
9687 ; 10
693 ; 10
2124 ; 2
2388 ; 6
2590 ; 6
4048 ; 2
4569 ; 10
6116 ; 7
6978 ; 13
7482 ; 10
9878 ; 10
407 ; 6
462 ; 9
2195 ; 13
2677 ; 1
4340 ; 7
5180 ; 1
5339 ; 8
6036 ; 5
8011 ; 3
1000 ; 7
1835 ; 8
1867 ; 11
3615 ; 11
3989 ; 15
4494 ; 15
4698 ; 9
4961 ; 6
5155 ; 3
5328 ; 7
8885 ; 9
409 ; 13
1438 ; 10
3377 ; 4
3741 ; 4
4751 ; 9
4820 ; 4
6984 ; 3
8924 ; 11
1029 ; 14
1499 ; 6
6558 ; 11
7133 ; 2
7533 ; 9
9238 ; 12
452 ; 3
2559 ; 8
3039 ; 13
3737 ; 3
4363 ; 5
6242 ; 9
7341 ; 8
7561 ; 10
7965 ; 9
430 ; 9
1371 ; 9
2916 ; 12
5024 ; 5
9311 ; 13
413 ; 1
438 ; 15
590 ; 3
1736 ; 13
2095 ; 4
5346 ; 7
6590 ; 8
6865 ; 2
7806 ; 6
8340 ; 8
9182 ; 10
9514 ; 12
2402 ; 4
6449 ; 5
7788 ; 2
7942 ; 4
9913 ; 3
713 ; 5
2720 ; 6
3107 ; 11
3436 ; 3
4101 ; 8
9624 ; 6
416 ; 3
689 ; 2
1241 ; 7
1474 ; 8
2263 ; 6
4270 ; 7
7835 ; 6
7875 ; 17
8571 ; 1
9706 ; 2
9848 ; 1
770 ; 5
2348 ; 2
2706 ; 5
4499 ; 7
6454 ; 4
7389 ; 1
8145 ; 2
9177 ; 10
418 ; 6
1661 ; 9
3115 ; 9
4547 ; 14
5070 ; 8
5189 ; 10
6088 ; 2
8722 ; 7
8871 ; 5
9976 ; 5
419 ; 5
758 ; 1
1748 ; 15
2789 ; 15
5639 ; 3
6626 ; 14
599 ; 1
1057 ; 2
4361 ; 7
4586 ; 9
5781 ; 1
6585 ; 10
6693 ; 1
6730 ; 15
8641 ; 10
9363 ; 9
421 ; 4
491 ; 9
498 ; 7
1687 ; 2
2838 ; 10
2891 ; 14
2974 ; 11
3568 ; 1
4025 ; 5
4911 ; 15
5833 ; 12
7084 ; 7
7118 ; 8
422 ; 12
905 ; 10
1403 ; 11
1613 ; 1
5065 ; 1
5178 ; 9
7757 ; 14
7925 ; 7
423 ; 12
563 ; 8
941 ; 15
1992 ; 10
2656 ; 11
2810 ; 8
4273 ; 11
4702 ; 11
6728 ; 10
7051 ; 10
7162 ; 3
7202 ; 1
7754 ; 4
7803 ; 2
8760 ; 11
9403 ; 10
1104 ; 8
3947 ; 5
4169 ; 14
4888 ; 8
5414 ; 10
5474 ; 6
6988 ; 4
7451 ; 16
9319 ; 4
9911 ; 11
1295 ; 6
2162 ; 3
2251 ; 8
4255 ; 6
4465 ; 8
9379 ; 1
2740 ; 1
4207 ; 1
4653 ; 13
5814 ; 9
9309 ; 4
9401 ; 7
427 ; 7
1373 ; 4
2204 ; 10
2567 ; 5
2689 ; 5
4480 ; 5
5149 ; 2
7308 ; 1
7366 ; 10
7846 ; 8
8360 ; 10
428 ; 5
1258 ; 11
1517 ; 4
4791 ; 1
5334 ; 3
6949 ; 1
7421 ; 8
429 ; 3
825 ; 7
2697 ; 14
2954 ; 8
5778 ; 7
9762 ; 7
9820 ; 8
9985 ; 9
2538 ; 3
3712 ; 3
7544 ; 4
8036 ; 6
8375 ; 5
8675 ; 16
8728 ; 6
8928 ; 5
431 ; 5
692 ; 12
2622 ; 8
3183 ; 12
6487 ; 7
8167 ; 1
9434 ; 7
9596 ; 14
9899 ; 8
1558 ; 5
4872 ; 4
7032 ; 1
7969 ; 5
8194 ; 5
8800 ; 10
9543 ; 12
433 ; 3
6601 ; 1
7087 ; 10
7896 ; 8
1521 ; 6
1929 ; 7
4077 ; 3
5715 ; 6
5795 ; 7
5852 ; 11
6209 ; 15
6779 ; 5
6796 ; 8
8627 ; 4
9161 ; 5
435 ; 10
1143 ; 2
2501 ; 5
3418 ; 3
3721 ; 2
5020 ; 3
5571 ; 2
5896 ; 11
8078 ; 4
8735 ; 3
8831 ; 3
9485 ; 11
3517 ; 6
4280 ; 4
4482 ; 8
5984 ; 5
7338 ; 3
7456 ; 3
7781 ; 5
9414 ; 15
9509 ; 10
9997 ; 7
719 ; 4
1326 ; 1
1375 ; 4
1947 ; 5
3186 ; 4
3341 ; 11
4220 ; 7
6330 ; 14
6698 ; 4
6995 ; 11
9693 ; 8
9738 ; 2
686 ; 10
716 ; 2
1060 ; 10
3545 ; 1
3639 ; 6
3677 ; 3
6051 ; 12
7384 ; 4
8099 ; 7
9748 ; 7
871 ; 2
2463 ; 11
3704 ; 4
3964 ; 6
5985 ; 5
6064 ; 1
8263 ; 8
8825 ; 5
641 ; 11
1329 ; 10
4095 ; 10
5214 ; 10
7386 ; 8
8010 ; 13
8067 ; 4
8442 ; 10
9470 ; 3
9486 ; 3
441 ; 8
720 ; 7
1706 ; 15
2389 ; 3
2457 ; 4
2682 ; 2
3477 ; 5
6220 ; 6
6808 ; 5
7526 ; 2
9422 ; 12
9757 ; 14
442 ; 11
493 ; 6
1414 ; 5
4376 ; 3
5959 ; 4
6231 ; 8
6731 ; 12
7736 ; 8
9512 ; 3
7598 ; 11
8197 ; 3
8261 ; 3
444 ; 2
2862 ; 13
3157 ; 11
3946 ; 7
4983 ; 6
6443 ; 1
6897 ; 8
445 ; 11
1382 ; 7
1677 ; 8
2074 ; 2
4071 ; 8
5167 ; 8
5206 ; 3
9456 ; 1
1763 ; 7
3420 ; 5
3786 ; 13
3915 ; 2
4587 ; 5
5630 ; 5
7530 ; 6
9477 ; 9
9928 ; 12
882 ; 7
904 ; 9
3136 ; 5
7652 ; 3
9726 ; 10
9880 ; 3
1509 ; 3
1615 ; 10
2159 ; 6
3643 ; 9
4753 ; 1
5614 ; 7
7119 ; 10
7223 ; 7
8998 ; 1
9830 ; 7
449 ; 2
2665 ; 1
5615 ; 15
6273 ; 8
6420 ; 7
6996 ; 1
9115 ; 9
450 ; 13
526 ; 7
2305 ; 2
4059 ; 9
5545 ; 1
6460 ; 11
6576 ; 14
7797 ; 11
8413 ; 2
9796 ; 3
769 ; 2
1494 ; 6
1538 ; 6
2345 ; 6
2537 ; 4
3173 ; 5
5992 ; 2
7014 ; 12
7670 ; 5
7716 ; 14
8589 ; 7
8692 ; 9
9657 ; 8
957 ; 1
2375 ; 2
2611 ; 10
3309 ; 10
3735 ; 7
4336 ; 9
4926 ; 1
6489 ; 12
7111 ; 12
1519 ; 15
1672 ; 2
4252 ; 10
4597 ; 7
6129 ; 5
8765 ; 11
454 ; 9
2461 ; 4
3834 ; 13
3950 ; 3
6780 ; 4
8813 ; 4
455 ; 1
2145 ; 11
2346 ; 10
2516 ; 3
6243 ; 7
6581 ; 2
8960 ; 12
3530 ; 6
4451 ; 11
7449 ; 2
8786 ; 4
9631 ; 8
457 ; 9
6472 ; 6
8505 ; 4
2347 ; 9
5849 ; 6
6317 ; 10
6620 ; 15
6966 ; 6
2536 ; 7
5986 ; 7
8573 ; 8
9737 ; 14
2681 ; 11
3270 ; 9
3499 ; 3
4187 ; 8
6613 ; 9
6806 ; 8
7393 ; 4
9506 ; 10
9533 ; 8
461 ; 2
936 ; 4
2186 ; 11
4571 ; 13
5213 ; 4
5268 ; 9
6029 ; 8
6440 ; 8
7675 ; 9
8407 ; 4
8923 ; 12
9144 ; 1
1849 ; 6
2228 ; 2
3899 ; 8
4238 ; 1
6194 ; 1
7932 ; 12
9660 ; 8
807 ; 14
1840 ; 3
3375 ; 1
4825 ; 8
5728 ; 9
5809 ; 5
7011 ; 10
8367 ; 5
8402 ; 8
8744 ; 3
9173 ; 6
9682 ; 12
1800 ; 6
1911 ; 2
2014 ; 4
2897 ; 7
6204 ; 11
6694 ; 2
8399 ; 7
8508 ; 10
8705 ; 6
8779 ; 4
9451 ; 3
465 ; 10
2496 ; 8
3293 ; 2
5109 ; 6
5541 ; 2
5683 ; 3
7280 ; 2
7628 ; 8
8171 ; 2
9207 ; 13
9378 ; 9
466 ; 1
520 ; 12
1122 ; 3
1974 ; 6
5803 ; 13
5980 ; 6
8229 ; 4
9524 ; 9
518 ; 9
4057 ; 8
4408 ; 7
5142 ; 10
5244 ; 8
6305 ; 11
6592 ; 15
7024 ; 13
9175 ; 7
468 ; 4
3931 ; 8
5695 ; 10
6399 ; 12
6736 ; 1
7060 ; 9
7328 ; 6
7495 ; 10
7612 ; 3
8331 ; 11
761 ; 7
5990 ; 10
6618 ; 3
8596 ; 4
9429 ; 12
9465 ; 4
981 ; 7
1575 ; 11
2247 ; 8
2491 ; 3
2654 ; 12
4799 ; 2
609 ; 10
722 ; 9
816 ; 5
1226 ; 6
1612 ; 3
1632 ; 7
3325 ; 14
3761 ; 6
6037 ; 3
6040 ; 7
2616 ; 10
4559 ; 8
4661 ; 5
7026 ; 11
7140 ; 11
7953 ; 9
8338 ; 9
8707 ; 7
473 ; 3
3216 ; 2
3539 ; 4
6535 ; 15
6591 ; 8
9031 ; 6
9643 ; 8
474 ; 6
572 ; 5
2403 ; 2
2632 ; 1
3672 ; 11
3944 ; 7
4298 ; 5
5359 ; 10
6975 ; 1
7531 ; 7
7740 ; 7
8567 ; 13
1404 ; 7
1559 ; 6
2273 ; 3
6039 ; 1
8213 ; 4
1075 ; 7
2873 ; 2
2889 ; 3
4165 ; 13
4250 ; 2
4667 ; 1
5400 ; 8
5627 ; 5
8478 ; 8
477 ; 13
872 ; 3
2136 ; 6
2579 ; 6
2947 ; 2
3994 ; 10
4898 ; 11
5419 ; 9
6671 ; 3
2476 ; 7
4729 ; 4
7705 ; 12
8576 ; 13
8665 ; 10
8957 ; 8
9405 ; 10
479 ; 3
482 ; 5
2755 ; 8
2794 ; 11
3706 ; 2
4686 ; 4
5779 ; 13
6870 ; 4
9482 ; 9
480 ; 8
954 ; 6
995 ; 3
2178 ; 4
3185 ; 3
4991 ; 2
7000 ; 7
8699 ; 10
1007 ; 5
4082 ; 7
4697 ; 12
6103 ; 9
6546 ; 3
7676 ; 1
7693 ; 5
4186 ; 2
4213 ; 4
4638 ; 12
4957 ; 1
4975 ; 15
8401 ; 1
9767 ; 15
9800 ; 6
9822 ; 9
1798 ; 4
1886 ; 2
2587 ; 8
4364 ; 2
5774 ; 7
6075 ; 6
6128 ; 2
7525 ; 1
8006 ; 9
500 ; 11
1491 ; 5
2676 ; 3
2798 ; 9
4937 ; 7
7179 ; 7
7431 ; 7
7510 ; 9
8517 ; 6
9110 ; 11
485 ; 7
1031 ; 5
2465 ; 2
2945 ; 10
3051 ; 4
3823 ; 6
4142 ; 9
4787 ; 3
7417 ; 6
1476 ; 6
2301 ; 3
7040 ; 6
7131 ; 7
7641 ; 7
8027 ; 8
8766 ; 4
9265 ; 6
9893 ; 9
487 ; 9
3224 ; 6
6295 ; 1
7634 ; 16
8100 ; 4
9956 ; 8
2423 ; 7
2520 ; 3
4414 ; 4
4708 ; 15
6016 ; 9
7066 ; 5
7609 ; 8
7663 ; 5
489 ; 14
576 ; 11
2548 ; 10
6388 ; 7
6389 ; 6
6444 ; 8
8237 ; 4
8510 ; 5
9483 ; 10
9710 ; 1
1109 ; 5
2038 ; 3
4788 ; 1
6410 ; 1
7426 ; 4
7692 ; 4
7799 ; 3
9708 ; 13
5934 ; 7
6256 ; 14
1426 ; 6
2904 ; 5
4456 ; 1
7694 ; 5
8837 ; 3
1553 ; 1
1880 ; 8
3903 ; 2
4389 ; 13
4839 ; 5
5978 ; 2
6991 ; 15
9215 ; 11
494 ; 8
7319 ; 9
9629 ; 2
495 ; 9
6430 ; 8
9610 ; 4
496 ; 9
1234 ; 5
1926 ; 1
2057 ; 8
2607 ; 11
3272 ; 4
4752 ; 7
6246 ; 6
6280 ; 1
8104 ; 14
8598 ; 7
9040 ; 13
9979 ; 7
497 ; 2
4761 ; 7
4857 ; 6
9059 ; 3
2210 ; 2
4154 ; 9
5312 ; 6
5319 ; 4
6976 ; 5
8946 ; 12
9380 ; 4
9668 ; 6
3620 ; 3
4705 ; 8
6471 ; 4
6560 ; 11
7395 ; 11
7522 ; 8
8285 ; 3
8425 ; 2
3864 ; 1
4855 ; 4
5465 ; 3
5503 ; 2
9370 ; 9
9569 ; 4
1621 ; 11
8122 ; 1
1603 ; 3
3880 ; 1
7339 ; 4
9406 ; 4
503 ; 3
727 ; 11
3193 ; 5
3932 ; 8
5604 ; 5
8298 ; 6
8908 ; 1
9779 ; 14
9841 ; 15
1817 ; 8
4307 ; 12
4628 ; 4
5251 ; 9
5507 ; 13
6653 ; 12
7933 ; 6
8054 ; 14
9751 ; 8
604 ; 5
1465 ; 13
7928 ; 13
9867 ; 12
5867 ; 5
6257 ; 17
6456 ; 7
8326 ; 4
8389 ; 11
9111 ; 10
9213 ; 4
1085 ; 6
3072 ; 6
5446 ; 2
5931 ; 8
6398 ; 3
7249 ; 2
8339 ; 5
508 ; 12
1067 ; 4
1140 ; 4
1390 ; 5
1502 ; 2
2385 ; 7
2819 ; 2
3198 ; 1
3817 ; 10
7407 ; 9
9083 ; 6
5937 ; 9
6162 ; 8
6185 ; 9
7579 ; 4
9674 ; 10
762 ; 5
1092 ; 12
1366 ; 16
1377 ; 6
2853 ; 3
3800 ; 9
4646 ; 14
8293 ; 5
9138 ; 4
2207 ; 5
4161 ; 6
4345 ; 8
4369 ; 9
5115 ; 3
5274 ; 2
5709 ; 2
6514 ; 12
512 ; 2
1401 ; 13
1408 ; 5
1815 ; 8
2086 ; 12
6358 ; 9
8929 ; 4
8974 ; 8
9193 ; 4
812 ; 6
1002 ; 2
3837 ; 6
3967 ; 4
4195 ; 1
6894 ; 8
7658 ; 14
8077 ; 6
808 ; 12
1088 ; 3
1807 ; 6
5361 ; 2
5523 ; 10
6416 ; 4
7238 ; 11
7437 ; 9
7890 ; 4
9082 ; 7
515 ; 2
3314 ; 9
3446 ; 1
4850 ; 6
6368 ; 11
7912 ; 5
8888 ; 8
1874 ; 2
2618 ; 6
4094 ; 10
6201 ; 9
7283 ; 3
7307 ; 7
7914 ; 14
8423 ; 13
8660 ; 5
1130 ; 1
2911 ; 2
3378 ; 11
4526 ; 14
4943 ; 9
6701 ; 9
8052 ; 7
8098 ; 8
8139 ; 9
8622 ; 6
1650 ; 2
5407 ; 8
9534 ; 11
9606 ; 5
1716 ; 4
1813 ; 3
2143 ; 14
2147 ; 8
4185 ; 3
5585 ; 8
6428 ; 7
6681 ; 4
2903 ; 1
5633 ; 4
7023 ; 7
7603 ; 6
779 ; 4
2032 ; 6
2064 ; 12
9197 ; 7
9228 ; 13
1282 ; 2
1464 ; 9
2872 ; 15
3640 ; 13
4912 ; 12
7029 ; 1
7476 ; 1
8252 ; 8
8356 ; 10
8507 ; 6
9526 ; 1
2691 ; 18
4126 ; 3
5076 ; 8
5453 ; 5
8444 ; 14
9257 ; 8
4913 ; 4
4958 ; 1
5099 ; 7
5993 ; 12
6084 ; 15
7089 ; 7
7548 ; 2
8075 ; 11
8861 ; 12
1427 ; 6
2638 ; 12
3862 ; 6
4281 ; 1
5583 ; 3
6759 ; 8
7606 ; 6
7646 ; 7
7976 ; 3
8512 ; 10
9369 ; 10
1547 ; 8
2113 ; 11
3495 ; 10
4308 ; 11
5423 ; 16
5788 ; 12
7572 ; 2
7590 ; 4
8474 ; 5
9503 ; 13
527 ; 11
1764 ; 3
2565 ; 9
6647 ; 7
7047 ; 1
9447 ; 4
528 ; 12
899 ; 8
1734 ; 11
2164 ; 4
4305 ; 8
7082 ; 10
8409 ; 8
9341 ; 10
529 ; 10
1455 ; 1
2412 ; 8
2617 ; 13
2812 ; 1
3820 ; 15
5452 ; 12
6504 ; 5
7857 ; 12
9070 ; 2
1943 ; 13
2560 ; 6
3943 ; 7
5300 ; 3
5654 ; 2
6551 ; 6
6869 ; 4
8288 ; 3
8450 ; 7
9304 ; 2
1702 ; 6
2239 ; 7
3346 ; 8
3439 ; 4
4379 ; 6
5638 ; 1
6957 ; 4
8291 ; 6
8704 ; 2
9071 ; 9
532 ; 14
702 ; 12
3311 ; 4
3313 ; 11
3849 ; 1
7853 ; 3
8243 ; 6
8959 ; 3
533 ; 9
862 ; 4
5413 ; 7
7517 ; 16
7538 ; 5
8228 ; 2
8668 ; 6
534 ; 4
580 ; 10
583 ; 5
1280 ; 10
5549 ; 7
6106 ; 12
6355 ; 9
6468 ; 8
6669 ; 7
7766 ; 10
8584 ; 5
9613 ; 12
535 ; 5
1454 ; 2
2191 ; 3
4651 ; 11
6901 ; 9
7457 ; 3
7584 ; 2
7752 ; 1
9714 ; 7
1473 ; 15
1855 ; 2
2242 ; 4
5918 ; 4
7406 ; 5
8686 ; 15
9072 ; 2
9090 ; 2
607 ; 8
4476 ; 6
7188 ; 10
7369 ; 1
9034 ; 5
9431 ; 10
602 ; 1
3145 ; 4
5498 ; 14
5830 ; 3
7647 ; 15
8333 ; 8
9639 ; 12
539 ; 4
642 ; 8
3435 ; 2
3443 ; 10
3690 ; 3
4563 ; 2
5476 ; 13
9659 ; 7
2010 ; 4
2992 ; 5
3612 ; 4
4470 ; 11
4746 ; 8
5537 ; 2
8405 ; 6
541 ; 13
2528 ; 3
4060 ; 10
5935 ; 10
6935 ; 6
8672 ; 9
9840 ; 2
4804 ; 10
5091 ; 5
6078 ; 1
6229 ; 12
6918 ; 9
8538 ; 11
9549 ; 5
9842 ; 4
9925 ; 11
567 ; 14
2445 ; 1
3187 ; 10
4012 ; 4
4054 ; 10
4506 ; 12
5941 ; 5
6152 ; 5
7349 ; 2
9886 ; 3
578 ; 1
1181 ; 5
2035 ; 9
3077 ; 3
3101 ; 8
3154 ; 7
6143 ; 8
9832 ; 4
646 ; 6
2419 ; 5
2999 ; 4
3016 ; 2
3303 ; 9
3315 ; 1
5290 ; 12
8203 ; 15
8953 ; 7
546 ; 1
1732 ; 6
2595 ; 10
3670 ; 2
7242 ; 9
8877 ; 2
9047 ; 2
9272 ; 5
875 ; 6
2091 ; 5
3202 ; 15
4020 ; 5
4223 ; 7
5150 ; 8
6574 ; 1
9776 ; 1
2988 ; 1
4852 ; 14
6512 ; 14
7751 ; 11
549 ; 10
925 ; 9
2760 ; 1
3850 ; 9
4979 ; 1
6091 ; 8
6429 ; 12
7894 ; 11
618 ; 16
2024 ; 5
3648 ; 7
4113 ; 7
4401 ; 5
4725 ; 7
5438 ; 5
5680 ; 4
6403 ; 7
7394 ; 4
9671 ; 7
551 ; 10
942 ; 6
3064 ; 9
4795 ; 9
6195 ; 8
7817 ; 3
3250 ; 13
4233 ; 14
6766 ; 5
7907 ; 2
8178 ; 16
1466 ; 7
1735 ; 5
2248 ; 9
4973 ; 1
5242 ; 8
6992 ; 5
1101 ; 9
2236 ; 6
2504 ; 1
3598 ; 12
7635 ; 15
8489 ; 6
8898 ; 6
1138 ; 16
2088 ; 8
3745 ; 4
5472 ; 4
8328 ; 11
9224 ; 1
556 ; 12
5497 ; 8
9599 ; 15
2006 ; 4
2407 ; 10
8256 ; 9
8306 ; 1
8533 ; 1
9160 ; 2
1856 ; 9
2847 ; 3
4070 ; 8
6579 ; 13
7128 ; 7
7498 ; 11
8481 ; 9
559 ; 6
3902 ; 1
6767 ; 14
8046 ; 11
9902 ; 3
1206 ; 12
3073 ; 1
3094 ; 9
6265 ; 3
6513 ; 5
6861 ; 2
1955 ; 1
2888 ; 5
3284 ; 7
4600 ; 9
4786 ; 1
9539 ; 13
1091 ; 13
1308 ; 5
1968 ; 10
2823 ; 10
3274 ; 7
4314 ; 6
4609 ; 13
6660 ; 3
7669 ; 14
8902 ; 14
7427 ; 11
7568 ; 4
1908 ; 8
5664 ; 1
6650 ; 10
7141 ; 13
8935 ; 7
565 ; 11
991 ; 2
1692 ; 4
2779 ; 9
7963 ; 6
9853 ; 5
566 ; 9
2386 ; 11
2797 ; 1
5140 ; 10
5656 ; 3
5825 ; 3
6115 ; 8
9924 ; 12
1701 ; 5
3682 ; 4
5231 ; 11
5555 ; 4
6217 ; 13
7937 ; 8
568 ; 11
909 ; 2
1795 ; 12
2531 ; 8
4867 ; 1
5776 ; 13
6166 ; 6
6372 ; 10
8380 ; 1
9915 ; 4
569 ; 12
715 ; 14
1132 ; 11
1411 ; 10
2543 ; 2
2877 ; 4
3084 ; 14
4129 ; 4
4202 ; 3
4982 ; 11
6936 ; 1
9001 ; 7
570 ; 10
1523 ; 3
6667 ; 6
1056 ; 10
1131 ; 10
6350 ; 10
7290 ; 5
7559 ; 4
7887 ; 3
8264 ; 10
8945 ; 9
9055 ; 8
6932 ; 15
8214 ; 9
573 ; 11
4655 ; 8
4963 ; 12
6417 ; 2
574 ; 10
3614 ; 12
3632 ; 1
5088 ; 6
5501 ; 5
6165 ; 1
723 ; 9
1003 ; 5
2459 ; 4
3027 ; 2
5284 ; 15
7037 ; 8
7524 ; 3
9653 ; 9
4051 ; 3
4709 ; 9
5010 ; 5
5882 ; 4
6343 ; 2
9275 ; 9
9358 ; 6
577 ; 7
1209 ; 11
1875 ; 9
2300 ; 2
5467 ; 5
5895 ; 9
7597 ; 9
8646 ; 9
920 ; 4
2340 ; 15
8645 ; 8
1302 ; 6
2320 ; 9
3370 ; 7
3580 ; 1
4063 ; 12
5083 ; 4
5492 ; 9
5565 ; 14
7246 ; 16
7650 ; 1
8172 ; 1
9417 ; 3
1281 ; 6
2122 ; 3
707 ; 11
1497 ; 8
3454 ; 7
5104 ; 11
5457 ; 5
5531 ; 10
6001 ; 8
6218 ; 6
626 ; 12
1353 ; 13
4029 ; 10
5725 ; 3
814 ; 3
1126 ; 1
1618 ; 3
3929 ; 10
4359 ; 4
5884 ; 1
7467 ; 4
9980 ; 7
2837 ; 7
3577 ; 4
7381 ; 10
8377 ; 16
585 ; 9
1870 ; 10
3178 ; 2
586 ; 14
1868 ; 9
5135 ; 8
5623 ; 2
9597 ; 3
9862 ; 1
1444 ; 5
6887 ; 12
9895 ; 8
2193 ; 1
2339 ; 9
3668 ; 11
6135 ; 5
9330 ; 4
9467 ; 7
589 ; 6
4629 ; 1
4827 ; 9
5222 ; 1
8762 ; 8
8874 ; 14
794 ; 4
1570 ; 7
8818 ; 1
591 ; 9
2982 ; 7
3755 ; 13
6928 ; 11
7518 ; 7
8071 ; 10
9481 ; 10
1436 ; 7
2094 ; 6
4052 ; 2
5103 ; 14
9730 ; 3
593 ; 1
3255 ; 16
5477 ; 6
6519 ; 6
8610 ; 12
8700 ; 10
6786 ; 16
5085 ; 7
8452 ; 1
4045 ; 3
5911 ; 16
7503 ; 11
8361 ; 4
1277 ; 5
1866 ; 5
4777 ; 4
5568 ; 7
6845 ; 10
7822 ; 7
598 ; 11
2510 ; 8
3163 ; 1
3526 ; 9
5228 ; 1
5802 ; 4
9052 ; 7
8895 ; 2
9346 ; 12
9637 ; 6
9698 ; 13
600 ; 8
6633 ; 7
1997 ; 7
2524 ; 5
3022 ; 5
2576 ; 11
5257 ; 6
6055 ; 11
7305 ; 7
9523 ; 9
778 ; 5
2580 ; 5
4527 ; 10
4849 ; 9
6196 ; 6
9812 ; 7
9990 ; 6
3631 ; 6
5042 ; 8
5516 ; 3
6167 ; 4
8159 ; 1
8486 ; 7
9038 ; 9
605 ; 9
994 ; 10
2599 ; 10
8406 ; 1
8979 ; 5
606 ; 11
1207 ; 9
1723 ; 3
2613 ; 7
3884 ; 14
5396 ; 4
5743 ; 7
8211 ; 6
8416 ; 5
9037 ; 5
9758 ; 3
1600 ; 1
2430 ; 11
644 ; 2
2382 ; 16
2921 ; 13
4507 ; 4
5468 ; 14
6384 ; 13
8417 ; 4
3364 ; 3
4440 ; 12
6182 ; 15
9327 ; 7
9764 ; 3
6307 ; 7
9121 ; 5
611 ; 4
2615 ; 8
4692 ; 12
5973 ; 8
7418 ; 7
7656 ; 2
930 ; 8
6354 ; 4
7629 ; 14
8872 ; 2
9953 ; 1
852 ; 4
2108 ; 13
2782 ; 12
3438 ; 3
4635 ; 2
5655 ; 4
6390 ; 6
6421 ; 1
7659 ; 4
8182 ; 1
9807 ; 5
1642 ; 3
3200 ; 3
5520 ; 8
6380 ; 1
7773 ; 3
8608 ; 5
9678 ; 3
9801 ; 7
5152 ; 8
5722 ; 11
7030 ; 3
7138 ; 15
7371 ; 2
9134 ; 10
616 ; 15
2370 ; 5
8004 ; 7
1684 ; 12
2125 ; 11
2662 ; 7
3934 ; 4
4534 ; 2
7832 ; 5
8247 ; 7
8919 ; 3
9691 ; 5
2073 ; 10
2850 ; 4
3635 ; 9
3846 ; 3
4710 ; 5
6406 ; 8
8121 ; 4
619 ; 10
964 ; 6
1148 ; 7
1290 ; 12
2598 ; 9
7310 ; 5
3762 ; 2
4039 ; 13
5981 ; 3
7113 ; 11
621 ; 2
2809 ; 8
3055 ; 11
4524 ; 10
6320 ; 3
8907 ; 5
7208 ; 5
7254 ; 1
8801 ; 3
1936 ; 1
3483 ; 15
624 ; 7
1333 ; 9
2306 ; 4
3996 ; 14
5046 ; 4
5514 ; 11
6432 ; 1
7428 ; 6
7951 ; 15
8314 ; 5
9590 ; 2
1244 ; 7
1951 ; 12
5286 ; 11
5385 ; 8
8280 ; 4
1769 ; 7
1825 ; 5
2456 ; 4
3003 ; 6
3231 ; 5
3482 ; 14
6077 ; 3
1801 ; 4
2365 ; 5
3764 ; 3
4681 ; 10
7055 ; 7
7596 ; 3
7825 ; 14
9323 ; 10
628 ; 8
6060 ; 3
8183 ; 3
629 ; 1
2772 ; 9
4198 ; 6
4291 ; 9
4739 ; 10
5058 ; 7
5236 ; 6
5365 ; 16
5451 ; 9
7987 ; 8
8488 ; 8
9655 ; 3
9882 ; 13
973 ; 3
3211 ; 2
3740 ; 11
6386 ; 7
8034 ; 7
8547 ; 2
2602 ; 2
3124 ; 8
4731 ; 5
4754 ; 10
9041 ; 2
2308 ; 14
2589 ; 10
2705 ; 4
9372 ; 11
4378 ; 7
4669 ; 3
4691 ; 12
4946 ; 13
6253 ; 3
6527 ; 4
9576 ; 13
1607 ; 8
2460 ; 6
4640 ; 4
5403 ; 9
6480 ; 4
6677 ; 9
6919 ; 12
7880 ; 2
9455 ; 13
635 ; 15
4289 ; 6
4999 ; 11
6608 ; 5
6924 ; 5
636 ; 13
5433 ; 2
7772 ; 1
9258 ; 3
637 ; 11
888 ; 6
1157 ; 8
1924 ; 9
1954 ; 3
4150 ; 3
4630 ; 9
7155 ; 6
9729 ; 4
1498 ; 6
8277 ; 4
9256 ; 1
9556 ; 6
2208 ; 8
6426 ; 7
1851 ; 1
4182 ; 9
6310 ; 1
7690 ; 7
8840 ; 9
8984 ; 15
9268 ; 7
912 ; 5
1597 ; 2
3613 ; 5
4285 ; 3
4627 ; 13
5209 ; 9
5548 ; 10
5854 ; 6
6521 ; 3
7044 ; 6
8673 ; 6
9142 ; 8
9487 ; 6
1894 ; 3
4854 ; 14
4974 ; 16
8472 ; 6
9009 ; 3
9927 ; 5
643 ; 7
1033 ; 11
1417 ; 9
2258 ; 6
5634 ; 1
6628 ; 11
9108 ; 4
1111 ; 1
1118 ; 5
1724 ; 1
2173 ; 8
2928 ; 6
4098 ; 5
6539 ; 7
8911 ; 7
9185 ; 5
1345 ; 9
1471 ; 3
3251 ; 6
5417 ; 13
9497 ; 14
2076 ; 7
3162 ; 7
4452 ; 2
7673 ; 9
1888 ; 13
3647 ; 4
4676 ; 13
5126 ; 2
5240 ; 7
648 ; 14
1437 ; 9
3541 ; 5
4880 ; 3
7200 ; 11
9788 ; 4
4556 ; 6
4800 ; 12
9421 ; 1
650 ; 7
1991 ; 13
4325 ; 11
5675 ; 1
5912 ; 4
6639 ; 11
6769 ; 4
9114 ; 12
9519 ; 11
9775 ; 10
651 ; 14
1263 ; 9
1601 ; 10
3720 ; 9
652 ; 9
1915 ; 5
2071 ; 13
2328 ; 6
2811 ; 8
6027 ; 6
7478 ; 3
8138 ; 10
1068 ; 7
2373 ; 3
3235 ; 4
4769 ; 10
8557 ; 4
1318 ; 7
2367 ; 4
3936 ; 4
6463 ; 5
7296 ; 5
655 ; 1
2824 ; 10
3878 ; 9
4141 ; 3
4772 ; 8
5197 ; 9
7610 ; 8
1645 ; 1
2106 ; 13
2279 ; 2
8642 ; 9
8667 ; 16
9458 ; 7
9739 ; 1
9998 ; 4
657 ; 4
1441 ; 5
1604 ; 10
7429 ; 13
7898 ; 13
8678 ; 6
9605 ; 16
658 ; 10
1638 ; 3
2050 ; 6
1512 ; 11
2659 ; 15
3014 ; 7
6720 ; 6
8310 ; 6
8443 ; 5
1172 ; 3
4843 ; 8
6364 ; 10
6441 ; 7
6580 ; 16
7041 ; 1
8570 ; 9
9584 ; 13
662 ; 11
696 ; 12
1394 ; 5
6076 ; 7
663 ; 6
2270 ; 9
5313 ; 1
6862 ; 8
3015 ; 9
3548 ; 1
4941 ; 14
9283 ; 10
9286 ; 9
834 ; 12
853 ; 15
2513 ; 10
6542 ; 6
8376 ; 11
9598 ; 5
666 ; 3
2547 ; 9
3275 ; 7
4266 ; 4
4591 ; 6
8969 ; 5
667 ; 12
6251 ; 11
6474 ; 11
7293 ; 14
4131 ; 9
4508 ; 6
5621 ; 7
9931 ; 14
8756 ; 4
670 ; 13
2527 ; 9
5390 ; 7
2040 ; 9
2505 ; 4
8653 ; 13
9753 ; 8
725 ; 6
1170 ; 13
2128 ; 3
2490 ; 2
3984 ; 2
5416 ; 3
5945 ; 13
7576 ; 6
8419 ; 5
1251 ; 6
4234 ; 5
8238 ; 8
674 ; 7
1051 ; 11
3926 ; 10
5062 ; 11
7219 ; 2
9105 ; 11
675 ; 8
2381 ; 6
4259 ; 12
5598 ; 11
6475 ; 9
9384 ; 7
676 ; 12
4296 ; 11
5053 ; 2
9307 ; 2
9870 ; 1
677 ; 1
1771 ; 5
2876 ; 14
3485 ; 8
4564 ; 8
6750 ; 4
7197 ; 5
8807 ; 5
7164 ; 10
8119 ; 2
679 ; 12
5791 ; 8
6289 ; 6
7151 ; 11
8809 ; 4
5871 ; 9
7849 ; 12
9328 ; 6
681 ; 3
3219 ; 7
4103 ; 2
5928 ; 9
8342 ; 2
9289 ; 4
4598 ; 6
4868 ; 4
5354 ; 10
6448 ; 12
7873 ; 1
9551 ; 6
1041 ; 5
7836 ; 7
8520 ; 1
8574 ; 1
9302 ; 1
684 ; 7
4004 ; 5
685 ; 7
3220 ; 1
3649 ; 6
4917 ; 3
7599 ; 12
8685 ; 13
9761 ; 13
2026 ; 5
3367 ; 5
4719 ; 9
7165 ; 5
5863 ; 4
6121 ; 12
6446 ; 8
6619 ; 1
7403 ; 14
8980 ; 16
688 ; 5
4574 ; 4
3335 ; 6
4896 ; 11
5493 ; 8
7528 ; 11
8294 ; 3
8773 ; 5
4968 ; 5
5317 ; 2
9876 ; 11
4090 ; 14
7695 ; 5
8560 ; 3
9852 ; 6
1250 ; 7
4092 ; 16
4539 ; 10
6188 ; 11
6622 ; 14
6772 ; 8
8976 ; 3
9707 ; 16
2759 ; 3
3493 ; 1
3952 ; 8
6863 ; 9
7642 ; 5
2931 ; 1
6998 ; 12
8695 ; 12
8880 ; 4
9907 ; 5
1802 ; 5
1961 ; 11
2663 ; 7
2765 ; 11
7967 ; 12
8712 ; 2
1778 ; 10
3266 ; 11
5223 ; 4
6333 ; 3
1505 ; 7
2134 ; 4
2187 ; 12
4271 ; 12
698 ; 12
2209 ; 2
3508 ; 1
3743 ; 8
5951 ; 5
1289 ; 7
1620 ; 9
4134 ; 3
4290 ; 3
8466 ; 12
8730 ; 14
8812 ; 1
700 ; 14
5005 ; 1
5200 ; 11
6283 ; 4
6141 ; 9
6997 ; 9
8400 ; 9
9505 ; 13
1294 ; 2
2154 ; 5
3807 ; 11
5967 ; 13
7096 ; 11
7220 ; 3
703 ; 4
1328 ; 14
2626 ; 11
4634 ; 12
9943 ; 9
3650 ; 4
4211 ; 12
6370 ; 3
705 ; 4
728 ; 11
838 ; 11
6227 ; 14
6284 ; 6
8320 ; 7
1184 ; 9
2133 ; 10
3170 ; 11
3304 ; 10
7163 ; 4
8281 ; 5
8869 ; 6
1782 ; 5
4757 ; 6
6748 ; 5
9938 ; 8
900 ; 3
1841 ; 2
4500 ; 11
841 ; 9
1681 ; 10
2172 ; 9
6059 ; 10
8436 ; 1
710 ; 10
1587 ; 3
5288 ; 6
6014 ; 1
8305 ; 6
9279 ; 8
711 ; 6
1506 ; 4
5894 ; 3
7053 ; 13
9321 ; 7
712 ; 10
4385 ; 1
7412 ; 1
1180 ; 4
1278 ; 7
1463 ; 15
2653 ; 10
5592 ; 3
6186 ; 6
7375 ; 4
7950 ; 2
8325 ; 3
8985 ; 9
3874 ; 1
9400 ; 3
2400 ; 7
3317 ; 6
4001 ; 5
4765 ; 7
6371 ; 4
6500 ; 11
8103 ; 2
8776 ; 4
839 ; 11
945 ; 5
3204 ; 9
3316 ; 4
4471 ; 15
5218 ; 14
6565 ; 7
6663 ; 8
8347 ; 8
8431 ; 5
8873 ; 15
1420 ; 9
2317 ; 3
3451 ; 9
4119 ; 8
6153 ; 2
8909 ; 7
9243 ; 10
2117 ; 12
6425 ; 4
7570 ; 4
7391 ; 7
8575 ; 10
8739 ; 1
9396 ; 11
2079 ; 1
8633 ; 12
8790 ; 6
9614 ; 11
4762 ; 10
8362 ; 6
2627 ; 1
5254 ; 11
9652 ; 1
1688 ; 1
3616 ; 15
4299 ; 5
4962 ; 3
7717 ; 14
8108 ; 2
9274 ; 5
3236 ; 13
3244 ; 2
8311 ; 1
9645 ; 2
4781 ; 9
5546 ; 3
6939 ; 4
726 ; 2
3569 ; 5
5412 ; 8
6632 ; 12
6867 ; 5
8479 ; 4
8891 ; 1
1249 ; 8
6940 ; 6
3288 ; 4
729 ; 10
2290 ; 7
3128 ; 8
3626 ; 9
6030 ; 3
2781 ; 13
4262 ; 4
5669 ; 1
731 ; 3
2467 ; 11
4607 ; 2
5090 ; 11
9837 ; 6
1083 ; 14
1808 ; 13
2085 ; 8
4344 ; 3
4930 ; 13
5014 ; 13
5563 ; 12
8206 ; 1
9299 ; 16
9845 ; 2
2696 ; 6
4193 ; 10
6056 ; 12
6239 ; 8
7121 ; 3
7631 ; 3
3327 ; 6
3828 ; 7
8616 ; 10
4614 ; 7
4802 ; 3
6376 ; 3
7203 ; 10
1720 ; 8
5461 ; 7
7558 ; 11
8525 ; 8
9120 ; 11
739 ; 6
826 ; 3
1421 ; 8
5557 ; 12
6607 ; 9
740 ; 8
6852 ; 3
7322 ; 4
4312 ; 1
4758 ; 14
5915 ; 5
6402 ; 9
2511 ; 3
1205 ; 4
3733 ; 1
5255 ; 4
7767 ; 1
8748 ; 4
5158 ; 14
6635 ; 3
6784 ; 2
7382 ; 10
8005 ; 9
9908 ; 14
745 ; 10
2686 ; 9
4496 ; 3
2919 ; 14
3589 ; 2
4995 ; 8
6353 ; 11
7224 ; 1
9056 ; 1
2927 ; 5
4109 ; 8
4579 ; 3
4936 ; 7
8040 ; 10
8736 ; 7
9209 ; 8
2319 ; 16
3110 ; 9
3815 ; 8
1857 ; 15
2821 ; 6
3474 ; 10
5059 ; 2
5784 ; 12
8893 ; 3
9689 ; 2
9933 ; 12
5844 ; 9
8600 ; 2
775 ; 8
1265 ; 1
1704 ; 2
2939 ; 5
4493 ; 9
4616 ; 8
5207 ; 5
3642 ; 9
4075 ; 13
6164 ; 11
8483 ; 3
8496 ; 10
1899 ; 11
4442 ; 3
6187 ; 15
6864 ; 12
7003 ; 7
754 ; 6
2762 ; 11
2925 ; 4
2967 ; 10
3169 ; 2
6022 ; 5
6697 ; 12
1123 ; 1
2828 ; 1
5280 ; 7
6878 ; 18
7172 ; 6
8435 ; 6
9786 ; 7
1222 ; 10
7183 ; 7
7215 ; 8
9742 ; 4
4847 ; 8
9140 ; 5
759 ; 9
1489 ; 10
4246 ; 13
5151 ; 12
5862 ; 12
760 ; 5
1393 ; 9
3324 ; 9
3558 ; 12
4551 ; 6
9028 ; 7
1689 ; 8
2267 ; 5
3429 ; 11
4540 ; 11
7042 ; 3
5868 ; 8
5869 ; 1
6369 ; 8
7438 ; 13
9235 ; 6
1893 ; 7
6846 ; 9
7071 ; 6
7617 ; 8
8499 ; 6
1332 ; 5
3002 ; 9
7602 ; 10
9627 ; 9
9921 ; 4
3166 ; 5
8681 ; 2
1292 ; 12
7252 ; 15
7681 ; 1
9612 ; 12
9719 ; 1
767 ; 10
3392 ; 4
768 ; 12
3171 ; 6
6140 ; 4
7056 ; 7
7263 ; 9
7872 ; 13
9214 ; 8
2701 ; 6
2849 ; 7
3813 ; 14
3935 ; 7
5033 ; 8
1510 ; 3
4576 ; 3
8114 ; 3
9872 ; 1
771 ; 10
4341 ; 6
5248 ; 6
7718 ; 12
8531 ; 3
9239 ; 5
9318 ; 1
3652 ; 5
6311 ; 3
8170 ; 13
9728 ; 12
773 ; 2
1039 ; 7
2049 ; 6
2694 ; 13
8095 ; 8
8518 ; 9
9273 ; 1
2500 ; 7
5653 ; 9
5694 ; 8
6547 ; 4
1562 ; 4
2261 ; 7
5260 ; 3
5647 ; 11
776 ; 7
4087 ; 4
5112 ; 12
7684 ; 14
999 ; 1
1183 ; 8
2353 ; 10
6691 ; 6
2535 ; 2
2805 ; 7
8308 ; 1
8788 ; 13
5861 ; 12
8143 ; 1
1288 ; 9
1316 ; 9
1339 ; 8
5309 ; 6
7908 ; 1
1435 ; 6
4593 ; 14
7079 ; 11
9957 ; 8
1794 ; 12
2090 ; 6
3809 ; 2
4093 ; 11
4965 ; 2
5383 ; 9
7745 ; 8
6423 ; 3
7410 ; 9
8176 ; 10
784 ; 3
7379 ; 5
7562 ; 1
785 ; 2
2998 ; 11
3264 ; 8
5258 ; 1
6964 ; 3
8958 ; 7
1052 ; 5
4227 ; 8
7848 ; 6
2486 ; 5
4732 ; 9
2481 ; 7
6096 ; 8
7582 ; 12
7701 ; 2
789 ; 2
1759 ; 7
1767 ; 16
6606 ; 11
8048 ; 8
9060 ; 6
3026 ; 6
3723 ; 9
9176 ; 6
1598 ; 7
2631 ; 8
4546 ; 2
4727 ; 7
5564 ; 4
5832 ; 9
7444 ; 9
3318 ; 13
7555 ; 6
8275 ; 10
8595 ; 10
1224 ; 2
3143 ; 3
5702 ; 12
8451 ; 5
1533 ; 10
4498 ; 3
8582 ; 7
3050 ; 11
990 ; 3
1819 ; 6
2065 ; 2
2197 ; 1
8689 ; 2
797 ; 7
1335 ; 12
2237 ; 11
2517 ; 12
2750 ; 14
7902 ; 9
8137 ; 4
8620 ; 1
8723 ; 11
2578 ; 1
8559 ; 12
9932 ; 3
6727 ; 13
8544 ; 8
9385 ; 8
992 ; 9
3437 ; 12
4279 ; 3
4445 ; 7
5716 ; 6
7419 ; 6
9963 ; 3
1168 ; 9
1910 ; 13
3457 ; 7
4225 ; 5
5394 ; 10
6723 ; 5
8591 ; 8
802 ; 15
1573 ; 5
2318 ; 10
4167 ; 7
4413 ; 1
5890 ; 2
9922 ; 2
803 ; 8
1560 ; 5
3678 ; 12
4240 ; 11
6395 ; 11
8988 ; 3
9221 ; 6
1629 ; 10
1865 ; 7
8638 ; 7
3531 ; 12
7484 ; 3
9903 ; 11
1458 ; 4
5080 ; 10
2874 ; 4
8073 ; 6
8741 ; 1
9564 ; 4
3865 ; 10
6484 ; 14
8601 ; 3
8817 ; 4
809 ; 10
1227 ; 15
3665 ; 16
8221 ; 14
2055 ; 4
2570 ; 5
4626 ; 12
5746 ; 8
7523 ; 4
3300 ; 10
8810 ; 8
1584 ; 3
6238 ; 8
8249 ; 1
9814 ; 11
7778 ; 7
1020 ; 7
2080 ; 5
2099 ; 1
8301 ; 11
2084 ; 12
2359 ; 6
4230 ; 4
5342 ; 6
6327 ; 3
2092 ; 12
2635 ; 7
8323 ; 2
2993 ; 9
3698 ; 5
4818 ; 1
2840 ; 12
7061 ; 12
8160 ; 2
9636 ; 2
2452 ; 7
3432 ; 13
6797 ; 10
3000 ; 1
5243 ; 4
9404 ; 6
821 ; 3
886 ; 11
4366 ; 2
5437 ; 1
5976 ; 5
9951 ; 2
9959 ; 7
1322 ; 4
6828 ; 1
8883 ; 6
4189 ; 7
8983 ; 2
6241 ; 12
8370 ; 9
2190 ; 9
5095 ; 6
8742 ; 5
2408 ; 16
7230 ; 14
9518 ; 8
9760 ; 8
827 ; 9
1624 ; 12
828 ; 13
1342 ; 8
9342 ; 4
9681 ; 1
2966 ; 2
3340 ; 8
4338 ; 7
4412 ; 7
2357 ; 1
2624 ; 4
3102 ; 5
950 ; 4
1368 ; 9
2902 ; 6
4683 ; 8
5402 ; 1
5696 ; 10
9799 ; 7
833 ; 6
5572 ; 3
5842 ; 5
8921 ; 8
1700 ; 10
2007 ; 3
3088 ; 7
836 ; 10
1307 ; 1
3770 ; 6
7483 ; 7
1660 ; 12
1768 ; 4
4922 ; 6
7886 ; 16
8351 ; 10
1839 ; 8
6942 ; 7
7265 ; 12
7637 ; 12
8266 ; 3
1035 ; 13
7768 ; 2
7782 ; 13
840 ; 7
1589 ; 11
2530 ; 5
4927 ; 8
4112 ; 7
6854 ; 16
9322 ; 1
1364 ; 8
8260 ; 1
1995 ; 16
8701 ; 10
9245 ; 3
9449 ; 8
9731 ; 4
2230 ; 10
2713 ; 12
5349 ; 11
7983 ; 6
8177 ; 2
6445 ; 7
4603 ; 3
5336 ; 9
5377 ; 7
7262 ; 8
9733 ; 6
847 ; 12
1717 ; 14
3566 ; 11
3630 ; 6
5661 ; 4
5910 ; 10
7052 ; 5
7841 ; 13
9196 ; 2
1873 ; 7
5589 ; 10
8088 ; 1
6438 ; 6
9900 ; 12
7463 ; 9
1540 ; 9
2609 ; 8
5410 ; 10
6341 ; 13
2775 ; 4
4320 ; 10
5025 ; 6
7388 ; 4
8578 ; 8
854 ; 6
1321 ; 13
2554 ; 1
3011 ; 12
5277 ; 8
8140 ; 8
8603 ; 7
1578 ; 10
3345 ; 9
4304 ; 10
4513 ; 1
5063 ; 6
6941 ; 9
7906 ; 6
8658 ; 8
2596 ; 10
5267 ; 3
6654 ; 3
6726 ; 10
8954 ; 1
3018 ; 3
9484 ; 4
9688 ; 6
858 ; 2
4243 ; 5
4689 ; 11
5495 ; 11
5608 ; 10
5949 ; 5
6465 ; 7
6881 ; 9
7019 ; 1
7299 ; 10
8770 ; 17
8996 ; 4
859 ; 4
1236 ; 3
6332 ; 12
3374 ; 5
4901 ; 4
5002 ; 13
6959 ; 9
7136 ; 11
1079 ; 8
2417 ; 5
2421 ; 13
3560 ; 3
7036 ; 12
7661 ; 9
8134 ; 10
1518 ; 14
7210 ; 2
7679 ; 1
1655 ; 7
5102 ; 6
5736 ; 5
5950 ; 2
6174 ; 1
6885 ; 3
5351 ; 10
4641 ; 8
4780 ; 11
9680 ; 1
867 ; 5
1927 ; 6
3599 ; 14
6589 ; 1
1737 ; 10
3150 ; 17
3382 ; 9
6281 ; 8
6297 ; 7
9355 ; 1
8279 ; 16
9313 ; 7
9460 ; 15
6383 ; 9
7808 ; 6
8304 ; 15
3344 ; 5
3507 ; 2
4400 ; 16
4740 ; 6
4829 ; 7
6643 ; 2
9260 ; 5
4372 ; 15
1317 ; 10
2241 ; 7
2395 ; 7
3622 ; 1
5758 ; 5
9448 ; 5
1585 ; 1
2039 ; 6
3875 ; 7
4592 ; 11
877 ; 7
1728 ; 5
2729 ; 5
3105 ; 6
5699 ; 15
5963 ; 1
8025 ; 3
878 ; 4
1164 ; 5
1750 ; 5
2803 ; 2
8258 ; 11
9937 ; 3
6764 ; 10
1156 ; 9
2784 ; 2
2846 ; 5
3365 ; 7
3579 ; 15
6502 ; 7
2861 ; 9
2962 ; 2
9054 ; 7
1300 ; 8
7350 ; 10
7430 ; 8
6132 ; 5
6896 ; 8
9126 ; 9
1284 ; 2
3246 ; 13
5629 ; 6
7070 ; 2
9773 ; 7
9825 ; 13
2606 ; 3
5818 ; 7
9724 ; 11
3572 ; 2
5711 ; 15
4832 ; 16
7337 ; 13
2555 ; 4
5505 ; 15
9347 ; 10
9622 ; 1
9669 ; 16
889 ; 12
2946 ; 8
4515 ; 1
6377 ; 8
7129 ; 1
1343 ; 2
2060 ; 7
2413 ; 5
4848 ; 14
5113 ; 4
5793 ; 12
6509 ; 7
1211 ; 4
3323 ; 11
4253 ; 5
9479 ; 6
9935 ; 6
893 ; 12
3226 ; 14
8462 ; 7
894 ; 7
951 ; 8
2489 ; 8
4002 ; 14
6659 ; 1
7855 ; 1
9277 ; 2
1439 ; 16
5982 ; 14
1267 ; 7
6361 ; 7
1077 ; 13
8446 ; 7
9478 ; 12
3710 ; 4
3241 ; 1
5069 ; 1
6122 ; 5
7671 ; 13
2969 ; 10
4419 ; 4
6575 ; 5
8091 ; 4
1397 ; 13
3773 ; 3
2296 ; 6
903 ; 12
6275 ; 11
7604 ; 4
8253 ; 1
985 ; 8
5316 ; 10
5748 ; 2
7509 ; 7
8836 ; 7
2235 ; 4
2446 ; 2
7225 ; 7
7504 ; 7
4415 ; 13
8016 ; 7
4322 ; 5
4803 ; 6
4921 ; 1
6282 ; 12
7852 ; 8
9189 ; 1
1064 ; 10
2521 ; 9
3693 ; 12
5485 ; 2
7794 ; 2
8720 ; 5
8465 ; 1
1549 ; 11
2149 ; 13
6348 ; 4
8276 ; 6
2277 ; 11
2688 ; 9
4140 ; 5
6829 ; 1
9670 ; 11
1617 ; 1
4014 ; 8
5576 ; 13
6722 ; 1
7513 ; 5
8775 ; 6
5008 ; 15
6491 ; 8
9158 ; 8
918 ; 12
1691 ; 2
1907 ; 2
2734 ; 17
2753 ; 1
4177 ; 10
9929 ; 14
5276 ; 16
7845 ; 16
9602 ; 14
3795 ; 7
5137 ; 13
5374 ; 12
5877 ; 14
6145 ; 1
8168 ; 8
921 ; 10
4124 ; 4
976 ; 12
3232 ; 2
4821 ; 9
6433 ; 7
7347 ; 9
2641 ; 6
5819 ; 5
6148 ; 5
8841 ; 14
9106 ; 1
926 ; 9
3054 ; 2
4841 ; 12
6413 ; 12
9472 ; 8
928 ; 7
4947 ; 2
9446 ; 3
5190 ; 2
6193 ; 15
6214 ; 2
6427 ; 5
3911 ; 10
4554 ; 13
6792 ; 3
7147 ; 15
8136 ; 5
5335 ; 8
8852 ; 10
9408 ; 6
9677 ; 5
1238 ; 5
1649 ; 9
4342 ; 7
8453 ; 5
8827 ; 12
1239 ; 2
9844 ; 5
4163 ; 11
5870 ; 14
6880 ; 3
7143 ; 6
6149 ; 2
3480 ; 5
4726 ; 14
6018 ; 15
3243 ; 13
1066 ; 6
1920 ; 6
7915 ; 2
3222 ; 10
3961 ; 8
6142 ; 10
6339 ; 12
3618 ; 9
9006 ; 6
1733 ; 13
5295 ; 13
6066 ; 12
6294 ; 7
7884 ; 3
2218 ; 6
946 ; 2
3970 ; 9
4668 ; 10
947 ; 6
1657 ; 8
3905 ; 7
7009 ; 4
972 ; 14
2392 ; 10
2991 ; 4
3242 ; 5
4718 ; 14
7674 ; 12
949 ; 10
5019 ; 1
7074 ; 12
1948 ; 2
7300 ; 8
4817 ; 2
8037 ; 3
8418 ; 10
9087 ; 2
1093 ; 1
1988 ; 9
2475 ; 11
5330 ; 4
5706 ; 7
9544 ; 7
9898 ; 14
3573 ; 2
4236 ; 13
5159 ; 9
7257 ; 14
3609 ; 7
4399 ; 1
6087 ; 11
6649 ; 10
961 ; 14
3533 ; 2
7545 ; 8
8755 ; 4
1369 ; 4
1752 ; 9
1425 ; 2
1792 ; 7
4208 ; 8
7566 ; 9
7601 ; 4
2283 ; 2
6553 ; 12
6837 ; 7
8545 ; 7
959 ; 9
7866 ; 10
3306 ; 11
6378 ; 8
9064 ; 12
9149 ; 6
9785 ; 9
5645 ; 8
7326 ; 12
1347 ; 12
5517 ; 10
7505 ; 8
8614 ; 5
9926 ; 2
3079 ; 5
4276 ; 7
8208 ; 8
1904 ; 13
4365 ; 1
7665 ; 7
1410 ; 13
3494 ; 4
7313 ; 11
9952 ; 13
3993 ; 11
1811 ; 13
3987 ; 13
7851 ; 8
8805 ; 10
5050 ; 11
3651 ; 3
6657 ; 10
5540 ; 14
5570 ; 5
7149 ; 4
8732 ; 7
9988 ; 7
3023 ; 3
6191 ; 9
8563 ; 6
6266 ; 4
9172 ; 15
5800 ; 3
979 ; 9
5907 ; 1
2909 ; 9
4357 ; 11
7800 ; 6
982 ; 10
3065 ; 13
5181 ; 7
1682 ; 10
9468 ; 4
3476 ; 3
1147 ; 3
8731 ; 10
2844 ; 2
4081 ; 12
6817 ; 10
6893 ; 11
6207 ; 5
8437 ; 13
9365 ; 10
3906 ; 13
7776 ; 3
8227 ; 9
8990 ; 7
1389 ; 1
3140 ; 2
5054 ; 5
3260 ; 15
6338 ; 14
6753 ; 9
7198 ; 5
6732 ; 6
7765 ; 11
993 ; 2
8947 ; 7
3759 ; 14
4410 ; 2
4721 ; 14
7789 ; 5
7837 ; 5
8738 ; 12
9871 ; 15
3057 ; 4
3408 ; 8
6010 ; 13
6898 ; 13
1780 ; 2
3717 ; 9
2337 ; 10
8842 ; 10
1217 ; 1
1721 ; 10
5415 ; 3
6833 ; 11
8110 ; 5
8691 ; 10
9695 ; 11
3368 ; 9
4767 ; 4
8410 ; 10
8654 ; 3
1324 ; 1
2597 ; 5
4796 ; 11
7448 ; 12
7779 ; 13
1005 ; 13
1225 ; 11
9452 ; 1
8612 ; 3
8914 ; 7
5217 ; 6
6118 ; 5
9383 ; 14
1694 ; 2
2214 ; 5
4353 ; 3
5179 ; 2
1011 ; 1
1774 ; 5
8677 ; 7
9411 ; 4
1966 ; 11
7739 ; 3
9561 ; 8
3069 ; 3
4541 ; 10
8070 ; 1
9420 ; 11
2023 ; 3
3676 ; 8
5770 ; 7
7627 ; 7
8669 ; 11
6119 ; 4
8811 ; 4
8987 ; 13
7335 ; 10
8353 ; 12
2411 ; 8
3775 ; 2
7785 ; 11
3388 ; 4
4239 ; 2
6086 ; 10
2362 ; 10
3031 ; 11
4205 ; 1
7017 ; 1
9694 ; 1
4664 ; 1
5574 ; 7
6857 ; 8
8656 ; 12
2213 ; 10
1680 ; 11
5533 ; 3
5834 ; 11
1027 ; 15
9939 ; 13
9337 ; 3
5035 ; 5
8239 ; 11
8930 ; 12
9471 ; 4
4328 ; 2
9442 ; 7
4599 ; 6
5234 ; 3
6124 ; 12
7973 ; 13
8231 ; 3
2156 ; 6
9247 ; 6
1909 ; 8
5601 ; 6
6012 ; 5
8394 ; 7
9003 ; 15
5360 ; 14
3361 ; 7
8434 ; 11
9300 ; 8
9535 ; 4
1113 ; 17
1858 ; 4
6264 ; 17
6566 ; 1
8915 ; 9
2479 ; 7
7847 ; 12
8749 ; 8
9664 ; 6
6946 ; 9
2704 ; 12
7792 ; 7
2634 ; 10
5659 ; 7
2181 ; 4
2594 ; 4
7703 ; 1
8017 ; 12
8484 ; 5
1050 ; 2
1928 ; 11
3547 ; 12
3983 ; 1
4226 ; 10
6758 ; 5
3816 ; 4
6381 ; 12
6695 ; 11
1053 ; 1
1153 ; 14
6890 ; 5
7464 ; 7
8697 ; 15
1054 ; 1
2110 ; 10
3659 ; 7
9771 ; 4
7088 ; 12
6804 ; 2
7897 ; 9
8511 ; 6
2227 ; 8
5914 ; 16
7196 ; 8
8084 ; 14
9150 ; 3
1059 ; 10
1323 ; 6
2033 ; 14
2836 ; 11
5828 ; 5
8346 ; 7
1545 ; 11
7207 ; 8
3434 ; 13
4360 ; 15
1062 ; 10
6083 ; 5
7954 ; 4
1508 ; 3
1065 ; 10
1310 ; 13
2716 ; 13
3587 ; 15
6109 ; 3
4222 ; 8
4426 ; 1
8475 ; 11
4356 ; 5
6813 ; 3
8180 ; 14
4358 ; 8
5955 ; 3
8094 ; 4
8734 ; 1
1070 ; 7
6963 ; 5
7621 ; 14
9650 ; 1
5205 ; 2
5889 ; 12
6906 ; 1
5957 ; 3
2792 ; 11
6459 ; 14
6597 ; 9
7769 ; 16
9430 ; 11
6094 ; 3
1555 ; 3
4650 ; 14
1080 ; 17
1204 ; 10
2354 ; 4
5404 ; 9
6595 ; 3
2774 ; 2
6352 ; 9
7551 ; 1
9541 ; 8
2895 ; 4
4416 ; 4
5455 ; 6
2503 ; 7
5395 ; 10
7929 ; 9
9364 ; 8
6224 ; 7
6271 ; 5
2915 ; 12
3588 ; 10
7275 ; 6
1576 ; 10
2978 ; 10
3109 ; 5
4483 ; 3
5333 ; 2
9157 ; 6
1089 ; 3
1776 ; 15
1090 ; 4
2240 ; 13
5744 ; 6
2540 ; 9
3594 ; 5
1859 ; 10
3767 ; 12
6434 ; 5
1095 ; 12
8074 ; 7
1407 ; 2
2289 ; 11
6299 ; 3
5210 ; 8
6461 ; 1
4475 ; 4
6028 ; 3
6466 ; 4
6814 ; 10
2036 ; 9
2473 ; 8
9709 ; 4
5399 ; 7
9510 ; 9
1590 ; 2
4402 ; 13
8411 ; 12
9284 ; 1
1106 ; 3
4216 ; 7
7170 ; 2
5960 ; 4
8967 ; 4
9204 ; 6
9967 ; 1
4768 ; 10
6337 ; 10
8623 ; 13
1551 ; 10
4100 ; 4
5272 ; 10
2690 ; 14
9356 ; 11
2175 ; 1
1114 ; 1
2657 ; 5
5602 ; 8
6324 ; 11
2044 ; 9
2695 ; 5
4673 ; 8
5810 ; 5
3974 ; 7
4503 ; 4
8020 ; 2
8618 ; 7
5071 ; 12
6815 ; 5
5782 ; 7
1120 ; 5
2233 ; 14
3280 ; 1
2127 ; 11
8991 ; 14
1679 ; 6
2651 ; 2
7035 ; 4
6770 ; 8
1986 ; 9
5172 ; 6
8925 ; 11
5212 ; 6
5677 ; 5
6019 ; 8
6687 ; 4
2708 ; 6
4977 ; 9
3189 ; 3
5561 ; 10
9984 ; 1
1134 ; 1
1298 ; 11
3861 ; 8
8529 ; 4
9626 ; 8
3479 ; 1
7795 ; 3
6614 ; 8
9407 ; 8
9658 ; 10
1139 ; 12
2031 ; 3
2575 ; 9
7620 ; 5
9806 ; 13
3111 ; 3
4701 ; 5
9445 ; 11
2645 ; 9
4138 ; 6
6603 ; 8
9089 ; 11
3053 ; 10
8778 ; 4
8072 ; 8
9367 ; 13
9594 ; 2
4550 ; 8
3254 ; 2
6637 ; 15
8858 ; 5
7583 ; 7
3684 ; 1
4568 ; 7
2188 ; 7
3953 ; 12
4091 ; 1
6451 ; 16
8422 ; 4
5703 ; 3
7867 ; 2
1199 ; 6
4605 ; 1
5230 ; 9
4135 ; 7
4648 ; 8
5578 ; 10
9145 ; 5
1160 ; 9
3461 ; 4
8220 ; 1
6684 ; 7
3119 ; 11
4555 ; 12
6625 ; 9
7104 ; 11
8133 ; 1
6477 ; 7
7025 ; 3
8267 ; 5
3758 ; 2
5734 ; 8
1338 ; 7
3294 ; 3
5524 ; 8
9522 ; 9
3941 ; 10
1171 ; 3
1486 ; 2
6225 ; 2
1296 ; 9
5318 ; 4
5375 ; 11
2326 ; 11
8226 ; 13
1360 ; 3
1178 ; 7
4459 ; 2
7960 ; 5
4707 ; 13
1946 ; 3
2572 ; 8
7491 ; 6
1693 ; 2
2724 ; 6
3310 ; 2
4923 ; 7
5640 ; 4
3794 ; 11
6742 ; 4
8379 ; 15
2312 ; 14
7377 ; 4
3413 ; 7
5237 ; 10
6397 ; 13
6571 ; 3
2822 ; 13
7287 ; 7
8951 ; 10
1210 ; 16
4492 ; 9
6522 ; 4
1190 ; 8
8066 ; 7
1191 ; 1
6765 ; 11
6823 ; 3
7134 ; 10
9187 ; 4
6222 ; 15
7882 ; 6
8652 ; 3
9912 ; 3
1195 ; 4
2314 ; 9
3742 ; 8
3797 ; 12
5481 ; 2
6160 ; 14
7344 ; 6
4656 ; 3
5134 ; 12
8794 ; 3
2224 ; 8
2443 ; 10
3006 ; 3
6261 ; 13
9316 ; 13
9798 ; 4
6655 ; 12
6274 ; 5
1651 ; 7
7408 ; 7
9267 ; 11
9402 ; 8
1208 ; 13
7999 ; 9
9936 ; 3
5282 ; 4
2804 ; 8
4083 ; 5
7731 ; 7
3142 ; 11
6596 ; 15
7840 ; 5
9199 ; 8
9517 ; 8
9579 ; 10
6538 ; 15
7770 ; 15
1432 ; 5
1520 ; 6
1903 ; 13
9234 ; 10
7315 ; 13
8250 ; 3
8981 ; 9
1669 ; 9
9823 ; 2
1861 ; 15
3491 ; 7
9672 ; 3
3307 ; 9
6683 ; 3
6138 ; 15
7862 ; 6
3769 ; 1
3962 ; 8
5422 ; 1
4406 ; 16
2405 ; 7
4893 ; 8
7244 ; 9
9763 ; 9
1775 ; 11
2196 ; 11
2800 ; 6
6447 ; 12
3958 ; 12
2150 ; 8
3590 ; 10
7015 ; 10
8039 ; 11
8185 ; 3
4671 ; 6
2493 ; 5
2550 ; 5
1243 ; 6
2883 ; 14
8649 ; 2
9736 ; 3
3321 ; 7
4006 ; 1
9191 ; 3
6718 ; 8
7094 ; 7
3129 ; 1
8470 ; 2
4578 ; 9
6824 ; 3
7176 ; 4
9702 ; 15
7078 ; 17
7790 ; 6
7819 ; 1
3695 ; 5
4990 ; 8
2019 ; 6
4034 ; 11
4542 ; 11
7939 ; 12
8021 ; 8
8068 ; 8
9069 ; 9
5386 ; 12
9314 ; 11
1275 ; 6
5836 ; 5
5903 ; 2
9583 ; 4
2679 ; 13
4933 ; 12
9194 ; 7
8963 ; 1
4905 ; 7
1488 ; 4
9620 ; 13
2343 ; 3
6418 ; 7
5148 ; 9
7874 ; 3
3839 ; 3
6126 ; 6
1357 ; 10
3792 ; 6
5892 ; 12
3040 ; 7
3520 ; 5
4858 ; 16
3910 ; 9
4435 ; 8
5308 ; 3
7858 ; 6
9721 ; 14
4877 ; 10
7978 ; 8
2070 ; 7
8090 ; 9
5811 ; 6
6198 ; 7
3444 ; 6
4237 ; 4
5147 ; 10
2179 ; 4
3153 ; 10
4610 ; 11
1626 ; 10
3263 ; 9
8847 ; 3
9679 ; 6
7738 ; 3
1898 ; 2
4894 ; 12
4619 ; 11
5139 ; 11
4102 ; 8
9940 ; 1
1291 ; 14
1429 ; 4
3410 ; 6
3708 ; 7
4348 ; 10
6856 ; 9
6300 ; 7
6990 ; 4
1527 ; 13
8224 ; 3
5311 ; 2
6816 ; 7
8315 ; 9
8594 ; 12
5043 ; 11
1646 ; 5
7139 ; 5
8126 ; 4
3398 ; 6
9202 ; 11
2502 ; 13
2675 ; 12
4306 ; 9
8690 ; 4
3083 ; 6
7039 ; 7
1957 ; 3
2588 ; 8
3714 ; 6
2351 ; 9
4645 ; 6
5620 ; 13
2986 ; 9
4015 ; 12
5681 ; 9
8060 ; 8
3913 ; 14
5719 ; 10
6673 ; 10
7563 ; 10
7075 ; 7
4770 ; 1
6262 ; 10
7698 ; 8
1751 ; 10
2959 ; 9
6279 ; 3
7425 ; 10
2342 ; 5
1934 ; 6
1327 ; 5
2483 ; 10
9783 ; 7
1883 ; 3
5674 ; 15
9973 ; 2
5305 ; 9
1336 ; 10
2429 ; 11
3575 ; 2
9747 ; 10
2633 ; 11
3968 ; 10
8190 ; 14
1596 ; 10
5431 ; 2
7944 ; 1
6158 ; 5
2746 ; 9
4487 ; 7
7180 ; 7
8515 ; 11
5757 ; 12
4264 ; 11
1577 ; 16
2311 ; 13
5958 ; 1
6230 ; 12
4734 ; 2
2773 ; 9
8537 ; 1
7471 ; 8
3777 ; 6
2745 ; 6
8553 ; 12
9127 ; 2
2171 ; 12
3395 ; 15
5942 ; 14
9789 ; 7
4625 ; 5
3860 ; 10
5606 ; 4
6811 ; 3
9531 ; 2
4346 ; 2
4613 ; 2
9701 ; 2
7655 ; 9
1965 ; 10
9159 ; 3
4403 ; 4
7414 ; 7
3907 ; 12
6550 ; 3
8955 ; 1
2174 ; 7
4162 ; 1
1372 ; 3
3156 ; 12
2896 ; 2
7278 ; 11
5875 ; 4
9469 ; 12
6624 ; 8
4620 ; 6
8650 ; 4
4743 ; 9
7511 ; 8
2192 ; 9
2817 ; 14
6178 ; 6
2168 ; 6
4735 ; 8
7273 ; 8
1837 ; 11
4502 ; 1
2955 ; 6
4444 ; 14
9787 ; 10
9824 ; 9
4989 ; 5
6244 ; 8
2583 ; 11
5812 ; 17
5991 ; 9
9803 ; 3
1395 ; 11
4567 ; 6
9791 ; 5
1396 ; 11
1998 ; 4
3674 ; 12
2814 ; 10
6139 ; 2
6211 ; 11
7343 ; 13
6373 ; 11
2787 ; 3
6172 ; 3
6562 ; 8
6665 ; 13
8415 ; 3
8513 ; 1
5056 ; 14
6937 ; 4
9336 ; 12
6285 ; 12
3785 ; 6
1814 ; 12
9331 ; 11
4985 ; 13
2722 ; 2
6219 ; 13
2075 ; 7
7268 ; 10
3134 ; 3
1925 ; 6
7492 ; 1
3135 ; 11
7946 ; 3
8503 ; 2
2652 ; 11
2899 ; 14
4053 ; 1
9790 ; 3
6847 ; 2
8747 ; 10
8393 ; 9
6757 ; 2
5494 ; 11
8236 ; 5
9223 ; 3
3675 ; 7
1442 ; 7
3037 ; 11
3357 ; 5
3945 ; 11
8372 ; 12
1953 ; 6
7985 ; 7
6455 ; 12
4938 ; 2
6686 ; 10
2933 ; 15
1779 ; 4
3538 ; 10
5064 ; 5
9863 ; 3
7691 ; 2
7828 ; 1
3190 ; 5
1461 ; 3
6543 ; 6
9136 ; 2
5901 ; 10
8892 ; 4
9382 ; 2
5156 ; 11
7013 ; 13
9062 ; 2
3824 ; 2
4121 ; 3
6494 ; 10
7076 ; 2
2860 ; 8
4883 ; 2
5018 ; 13
7539 ; 15
1729 ; 12
6702 ; 8
3608 ; 1
9036 ; 11
6670 ; 15
3578 ; 16
4472 ; 9
3774 ; 6
7173 ; 5
4759 ; 7
8234 ; 4
4931 ; 14
7239 ; 10
5039 ; 7
8378 ; 15
2439 ; 13
7253 ; 3
1941 ; 1
1490 ; 14
1594 ; 10
1561 ; 15
5755 ; 14
7823 ; 9
1495 ; 7
3433 ; 9
6005 ; 6
8101 ; 12
9887 ; 4
4265 ; 13
8524 ; 9
1864 ; 11
4387 ; 8
9618 ; 3
8357 ; 12
2256 ; 1
9615 ; 6
8216 ; 4
3873 ; 1
1516 ; 9
4076 ; 10
7591 ; 7
6113 ; 6
9088 ; 12
7715 ; 4
1719 ; 15
9084 ; 5
8604 ; 2
5720 ; 10
6394 ; 3
5835 ; 2
9096 ; 6
1530 ; 6
7213 ; 7
7392 ; 8
2568 ; 9
7605 ; 2
8546 ; 4
7146 ; 7
3442 ; 8
3286 ; 14
1541 ; 8
2968 ; 6
6079 ; 9
5434 ; 3
7435 ; 1
4942 ; 1
5127 ; 7
9515 ; 14
6180 ; 9
4288 ; 14
9095 ; 8
7742 ; 7
1556 ; 6
5397 ; 2
9416 ; 4
6235 ; 4
9310 ; 6
1824 ; 10
1884 ; 9
8179 ; 1
2508 ; 11
6960 ; 8
4509 ; 9
3729 ; 11
7295 ; 5
1698 ; 9
4881 ; 8
8693 ; 2
3080 ; 4
9171 ; 8
6648 ; 14
7475 ; 15
6912 ; 12
7006 ; 11
1580 ; 7
1977 ; 10
8255 ; 8
5858 ; 8
9588 ; 7
9577 ; 6
1588 ; 9
2102 ; 1
5713 ; 3
3412 ; 8
9135 ; 2
3305 ; 3
9361 ; 10
1602 ; 5
6752 ; 7
8430 ; 3
6177 ; 5
7152 ; 15
3843 ; 11
7480 ; 5
6392 ; 11
3855 ; 8
6586 ; 5
2808 ; 12
6831 ; 2
8269 ; 4
4889 ; 9
1668 ; 8
9781 ; 7
1627 ; 13
5777 ; 10
2582 ; 3
2763 ; 5
8740 ; 13
2297 ; 12
2637 ; 1
4489 ; 9
2059 ; 8
5708 ; 3
5617 ; 8
3963 ; 5
5690 ; 5
7748 ; 12
4194 ; 10
4477 ; 7
4824 ; 4
8647 ; 5
3600 ; 6
6009 ; 8
9568 ; 8
1726 ; 5
4447 ; 5
7187 ; 6
1653 ; 3
2893 ; 15
1842 ; 14
3778 ; 5
9184 ; 14
3421 ; 15
8193 ; 11
9428 ; 3
1749 ; 12
3542 ; 11
5301 ; 4
3955 ; 3
2692 ; 10
3750 ; 7
1887 ; 8
2863 ; 11
5552 ; 2
6073 ; 16
1973 ; 9
3492 ; 12
9285 ; 6
5229 ; 5
9397 ; 2
4504 ; 9
6927 ; 6
6082 ; 9
1695 ; 7
4724 ; 6
7724 ; 9
3788 ; 3
7297 ; 10
1703 ; 2
8952 ; 9
7020 ; 4
4690 ; 11
8428 ; 12
2693 ; 2
3046 ; 10
7556 ; 5
2640 ; 14
2399 ; 4
2472 ; 9
7209 ; 5
9332 ; 11
5353 ; 10
4608 ; 11
1731 ; 16
2786 ; 2
1879 ; 14
4321 ; 10
9104 ; 4
4924 ; 11
1770 ; 2
7045 ; 10
9324 ; 2
4374 ; 4
8096 ; 5
4594 ; 3
9507 ; 5
8530 ; 10
2685 ; 11
8429 ; 9
2229 ; 10
6930 ; 15
7115 ; 3
9351 ; 8
1766 ; 8
4601 ; 4
9744 ; 14
9146 ; 11
3549 ; 13
5859 ; 8
2265 ; 2
6069 ; 4
6476 ; 1
2769 ; 11
6197 ; 10
8128 ; 10
9864 ; 10
8506 ; 1
1784 ; 10
6807 ; 10
8674 ; 9
1787 ; 7
1793 ; 3
9861 ; 15
9920 ; 11
8209 ; 4
9987 ; 1
9777 ; 15
2286 ; 10
9432 ; 6
4327 ; 13
2799 ; 11
3004 ; 8
6970 ; 7
8191 ; 4
4744 ; 3
9727 ; 3
6676 ; 14
2432 ; 5
5787 ; 2
5771 ; 8
1831 ; 6
1833 ; 5
7859 ; 7
6685 ; 6
7541 ; 3
3337 ; 7
4168 ; 11
5824 ; 1
7904 ; 4
1850 ; 4
4384 ; 14
3753 ; 14
1979 ; 10
5527 ; 13
1891 ; 6
3583 ; 1
9573 ; 8
4176 ; 11
9000 ; 1
1900 ; 12
2887 ; 7
6497 ; 13
6335 ; 3
6382 ; 2
6598 ; 9
9684 ; 10
6181 ; 5
6800 ; 5
1897 ; 3
2867 ; 5
6768 ; 16
8597 ; 4
5521 ; 9
2278 ; 13
3146 ; 6
4334 ; 17
7237 ; 9
9656 ; 3
3419 ; 2
8680 ; 15
5435 ; 8
3351 ; 1
5651 ; 5
1949 ; 4
7895 ; 3
8022 ; 6
8944 ; 4
8918 ; 9
5723 ; 11
8759 ; 10
8270 ; 7
5689 ; 1
6155 ; 6
7345 ; 5
9821 ; 8
5929 ; 10
3012 ; 2
6627 ; 8
1990 ; 12
3489 ; 6
5727 ; 10
5714 ; 9
9858 ; 14
7459 ; 6
6424 ; 6
2303 ; 11
3384 ; 12
2016 ; 8
3207 ; 6
7132 ; 12
7048 ; 6
4301 ; 7
2220 ; 1
9377 ; 10
4570 ; 4
4562 ; 15
5130 ; 5
5538 ; 9
2376 ; 4
2292 ; 5
5792 ; 12
6203 ; 8
9520 ; 10
4934 ; 7
3160 ; 8
6537 ; 16
2112 ; 8
6954 ; 5
3694 ; 2
4996 ; 15
7063 ; 12
3765 ; 11
7166 ; 6
9617 ; 1
3383 ; 6
9290 ; 4
2166 ; 5
8469 ; 5
5479 ; 15
3892 ; 1
9206 ; 15
7865 ; 5
7112 ; 7
5879 ; 3
5094 ; 11
9977 ; 7
2198 ; 10
7719 ; 1
3096 ; 11
9099 ; 8
9198 ; 3
4696 ; 5
4331 ; 4
5789 ; 3
9067 ; 9
2238 ; 5
4750 ; 8
3681 ; 2
7434 ; 5
7758 ; 3
5843 ; 7
9759 ; 6
7396 ; 12
5068 ; 7
9958 ; 3
3582 ; 14
8564 ; 1
9769 ; 13
3360 ; 13
5224 ; 7
4422 ; 10
5745 ; 9
4116 ; 9
3041 ; 10
5092 ; 1
8590 ; 1
2322 ; 1
4528 ; 15
2331 ; 10
2341 ; 15
6473 ; 11
7682 ; 7
9244 ; 12
6900 ; 11
7098 ; 6
2643 ; 9
7930 ; 1
2976 ; 2
3607 ; 10
2672 ; 11
9094 ; 8
5584 ; 2
5093 ; 9
4812 ; 7
2839 ; 9
9473 ; 12
2509 ; 6
4172 ; 7
9633 ; 10
3604 ; 9
5391 ; 4
6313 ; 10
7453 ; 2
4032 ; 2
8767 ; 10
7022 ; 12
6962 ; 15
4204 ; 11
3687 ; 7
5424 ; 15
6515 ; 14
2756 ; 12
6848 ; 4
2768 ; 2
3848 ; 7
7107 ; 3
9423 ; 8
4523 ; 8
4711 ; 3
5618 ; 2
8718 ; 6
4519 ; 15
4022 ; 9
6593 ; 8
5855 ; 3
4248 ; 11
8142 ; 4
7097 ; 7
3195 ; 10
4118 ; 10
3871 ; 11
3290 ; 1
4351 ; 4
3510 ; 14
4086 ; 13
8319 ; 11
5975 ; 11
9241 ; 14
7352 ; 4
9651 ; 4
9107 ; 7
